SKMBT_36317040717260_eq1.png	2	
2	781	20	815	59
x	717	55	765	102
SKMBT_36317040717260_eq10.png	9	
m	360	20	392	48
)	320	21	352	99
m	272	24	323	56
n	640	24	677	64
(	192	32	216	99
m	584	32	632	56
a	224	52	280	88
a	528	56	592	99
m	456	64	496	88
SKMBT_36317040717260_eq11.png	8	
x	312	20	392	104
(	185	26	216	104
m	672	26	708	58
m	562	34	600	66
m	227	42	320	95
b	624	42	664	98
=	433	52	472	82
a	512	56	568	95
SKMBT_36317040717260_eq12.png	16	
(	124	21	160	109
2	848	21	878	61
2	1024	21	1062	61
3	344	29	389	101
n	632	29	680	109
b	312	37	352	93
c	391	37	432	109
2	592	45	636	101
b	976	48	1024	101
m	168	53	224	93
+	248	53	288	85
a	440	53	504	93
a	792	55	840	101
m	536	61	576	85
=	712	61	752	85
-	904	61	952	85
SKMBT_36317040717260_eq13.png	11	
m	700	20	734	55
m	608	23	650	55
m	664	28	691	47
=	168	31	232	63
m	394	31	432	55
a	560	47	616	87
a	288	51	296	60
a	120	55	174	90
a	336	55	392	90
m	488	55	528	86
=	267	63	312	90
SKMBT_36317040717260_eq14.png	4	
2	456	20	531	127
m	232	32	298	71
a	168	71	232	110
m	368	71	408	103
SKMBT_36317040717260_eq15.png	6	
=	685	20	802	135
a	216	27	296	82
c	448	27	480	66
m	344	66	384	106
pi	432	66	500	138
b	240	98	280	143
SKMBT_36317040717260_eq16.png	18	
a	936	20	1067	106
2	736	34	800	114
2	376	42	432	90
a	568	48	616	82
s	175	58	248	122
a	297	90	320	106
m	488	90	528	119
-	557	90	632	106
m	648	90	696	130
pi	376	92	440	177
=	848	98	896	122
p	288	107	328	146
b	584	114	616	162
b	960	114	1000	169
2	744	122	799	170
=	1008	128	1064	169
2	192	130	232	177
=	768	169	784	177
SKMBT_36317040717260_eq17.png	10	
m	289	20	320	52
m	569	23	599	52
(	169	36	197	172
)	251	36	297	183
a	521	47	572	84
a	185	52	257	108
m	409	92	449	124
cos	497	100	599	148
b	209	116	249	164
b	513	127	561	182
SKMBT_36317040717260_eq18.png	6	
o	561	20	609	79
b	379	23	425	79
a	158	39	213	81
m	209	39	249	79
=	289	39	345	74
m	481	39	521	71
SKMBT_36317040717260_eq19.png	10	
2	225	20	265	57
o	753	25	803	89
b	383	33	425	97
a	109	49	169	97
c	593	49	633	96
m	681	49	721	81
x	169	52	216	99
k	424	55	473	97
+	513	55	553	89
+	305	57	353	87
SKMBT_36317040717260_eq2.png	2	
sqrt	677	20	796	97
x	741	51	781	94
SKMBT_36317040717260_eq20.png	7	
2	353	21	385	63
4	513	53	561	110
a	107	55	185	116
b	305	55	345	111
=	217	71	273	95
-	425	71	465	87
-	569	71	677	111
SKMBT_36317040717260_eq21.png	17	
frac	257	21	899	149
a	539	45	577	77
b	505	53	542	109
b	305	61	353	109
m	377	61	412	93
m	657	61	697	109
a	705	69	751	107
2	745	69	801	109
-	601	77	641	85
-	265	81	300	93
=	322	91	338	100
-	377	92	417	109
m	68	141	112	187
frac	577	144	601	149
p	161	149	201	189
-	418	165	552	215
-	497	173	513	179
SKMBT_36317040717260_eq22.png	20	
m	226	20	241	31
3	281	20	297	50
c	369	23	406	106
)	1089	31	1134	117
-	92	39	145	63
m	409	47	457	95
frac	257	49	329	63
m	521	50	561	83
m	609	55	648	91
m	729	55	769	90
m	1001	55	1041	95
m	185	56	217	95
m	921	57	967	95
x	94	59	142	111
m	457	68	497	103
m	831	71	859	95
m	649	76	691	111
n	282	79	326	117
m	860	79	881	103
n	1049	79	1089	111
SKMBT_36317040717260_eq23.png	19	
a	1105	21	1185	115
f	353	42	401	134
a	641	45	705	125
m	993	53	1041	101
m	545	61	577	101
m	921	61	961	93
+	733	62	777	99
m	454	69	489	101
m	833	69	848	85
4	848	69	865	93
p	873	69	889	87
a	1049	69	1091	117
m	265	73	305	109
2	577	77	625	117
-	52	87	96	101
b	316	93	337	125
=	55	109	96	134
n	401	109	417	133
=	165	117	201	134
SKMBT_36317040717260_eq24.png	6	
sqrt	149	20	599	174
a	281	60	313	97
a	489	60	521	98
x	233	84	273	132
m	355	92	393	124
y	436	92	473	148
SKMBT_36317040717260_eq25.png	11	
2	581	21	621	61
)	530	34	573	117
(	317	37	357	123
h	485	45	530	101
k	741	49	780	105
m	661	64	701	101
a	245	69	298	109
m	357	69	397	101
y	79	75	125	143
-	429	77	469	93
=	173	85	205	109
SKMBT_36317040717260_eq26.png	17	
n	509	20	549	92
c	557	20	597	97
(	253	21	285	101
y	869	21	913	101
m	429	45	469	85
2	613	45	650	85
m	773	45	821	90
2	293	49	333	93
a	181	53	237	93
-	358	53	399	69
y	26	61	61	123
frac	109	61	133	68
-	693	61	741	77
2	829	61	877	101
m	101	64	133	93
3	477	69	493	101
a	589	85	597	101
SKMBT_36317040717260_eq27.png	10	
2	549	20	589	71
4	264	39	301	103
b	501	47	541	103
a	317	63	399	103
=	445	79	485	95
y	65	103	109	191
m	149	119	189	151
frac	245	119	604	143
4	333	159	381	215
a	394	175	453	215
SKMBT_36317040717260_eq28.png	5	
o	509	20	570	98
o	325	22	381	96
m	189	48	254	98
=	437	48	474	78
n	257	56	301	98
SKMBT_36317040717260_eq29.png	10	
sqrt	509	21	642	95
2	261	39	352	117
2	565	45	621	93
s	103	93	157	145
1	154	94	173	141
n	181	101	229	141
m	437	101	468	125
frac	501	109	643	125
4	285	125	333	176
2	541	135	613	185
SKMBT_36317040717260_eq3.png	2	
sqrt	616	20	744	96
n	693	48	741	88
SKMBT_36317040717260_eq30.png	6	
o	221	20	293	106
2	421	27	483	99
m	349	43	381	83
c	69	51	114	106
a	117	59	168	106
m	167	59	205	106
SKMBT_36317040717260_eq31.png	10	
sqrt	533	21	653	109
s	589	45	637	101
2	280	64	365	125
n	331	89	341	109
c	95	109	141	157
cos	149	109	245	165
m	458	117	485	141
frac	525	117	657	141
6	293	133	349	199
2	557	149	637	207
SKMBT_36317040717260_eq32.png	10	
1	589	20	605	60
-	277	22	354	52
a	293	36	310	68
2	317	43	342	68
cos	79	53	173	108
s	173	60	221	108
frac	560	68	637	84
frac	264	76	367	92
2	560	92	629	148
3	277	100	341	158
SKMBT_36317040717260_eq33.png	11	
sqrt	685	20	813	105
+	741	49	805	97
pi	477	65	533	112
+	293	81	343	145
m	607	105	633	129
a	341	113	393	151
n	392	113	432	145
frac	461	113	557	129
frac	669	113	816	137
a	485	137	533	185
2	717	145	789	200
SKMBT_36317040717260_eq34.png	11	
2	693	21	725	69
1	949	21	962	101
A	749	24	811	101
A	329	37	391	111
2	285	40	317	77
m	869	46	901	77
c	565	53	613	101
m	613	53	677	101
+	472	54	517	93
s	152	77	203	116
m	205	77	269	116
SKMBT_36317040717260_eq35.png	7	
n	637	20	693	84
=	501	44	701	108
A	285	60	349	140
-	132	76	261	140
m	405	85	437	116
n	629	120	680	180
cos	517	132	613	180
SKMBT_36317040717260_eq4.png	3	
m	637	20	685	61
-	629	69	704	85
y	645	93	685	156
SKMBT_36317040717260_eq5.png	3	
1	645	20	685	65
-	633	73	703	89
2	637	103	693	151
SKMBT_36317040717260_eq6.png	10	
sqrt	433	20	535	156
sqrt	679	20	781	82
frac	493	33	525	38
a	485	41	525	68
a	733	44	781	76
frac	677	75	789	100
=	477	76	541	140
=	589	79	629	108
sqrt	678	116	781	172
b	730	129	773	172
SKMBT_36317040717260_eq7.png	16	
c	773	20	805	84
y	989	20	1025	87
(	97	28	125	99
y	296	28	341	99
b	824	36	861	76
2	949	36	989	76
=	877	40	923	68
c	432	44	477	92
a	592	44	653	84
m	693	44	725	75
+	357	50	405	84
a	128	52	181	92
+	205	52	245	86
2	261	52	301	92
=	517	52	557	78
frac	529	79	553	83
SKMBT_36317040717260_eq8.png	11	
c	776	21	816	92
)	912	21	944	101
3	472	29	520	107
c	328	37	368	108
a	706	45	760	101
b	817	45	856	85
2	864	46	904	85
b	432	47	477	101
m	632	56	672	85
c	536	58	584	101
a	360	61	424	98
SKMBT_36317040717260_eq9.png	11	
c	184	20	224	94
3	370	20	416	94
+	536	26	624	82
m	336	38	368	74
b	227	42	264	82
m	283	42	320	74
+	674	42	712	82
=	795	42	838	82
=	456	48	496	74
a	130	50	176	90
a	744	50	795	82
SKMBT_36317040717280_eq1.png	2	
2	813	21	870	59
x	719	57	797	154
SKMBT_36317040717280_eq10.png	10	
m	828	21	888	67
n	899	24	933	62
n	465	27	504	72
m	326	39	375	78
)	403	42	431	136
(	201	48	224	153
a	734	54	813	133
a	251	68	321	140
frac	586	86	634	95
-	587	106	640	118
SKMBT_36317040717280_eq11.png	11	
n	847	21	885	58
n	442	26	476	62
n	707	32	745	68
b	787	34	825	117
(	223	39	260	154
)	380	48	422	150
b	339	50	374	130
a	650	64	707	136
a	269	84	325	142
-	532	84	573	94
-	539	100	571	109
SKMBT_36317040717280_eq12.png	16	
(	156	21	211	151
2	927	29	965	69
2	1089	39	1136	87
(	469	41	503	133
)	655	42	687	150
b	1046	48	1088	140
b	327	53	361	132
)	379	53	415	158
+	568	54	647	132
a	863	66	920	128
+	273	72	319	139
a	512	72	559	125
a	217	76	276	132
-	749	86	792	94
-	975	86	1028	97
-	752	101	797	113
SKMBT_36317040717280_eq13.png	13	
m	353	21	406	75
n	1160	26	1191	73
m	1060	27	1110	68
-	1123	32	1162	44
m	727	39	759	72
n	506	45	524	79
a	962	61	1040	137
a	641	63	715	138
a	264	75	333	140
-	487	81	566	99
-	835	94	880	106
b	520	107	538	153
-	840	114	889	124
SKMBT_36317040717280_eq14.png	9	
y	906	20	936	98
p	602	68	638	139
-	556	98	594	109
frac	848	98	1068	114
p	975	115	1008	169
-	705	119	741	132
a	482	128	555	206
-	707	141	745	152
a	887	153	956	219
SKMBT_36317040717280_eq15.png	13	
c	1044	21	1092	82
a	446	23	507	97
a	968	25	1028	82
c	701	28	751	95
-	847	89	874	101
x	574	91	630	160
pi	668	107	792	199
frac	411	112	549	125
frac	951	113	1106	127
-	845	115	878	126
d	1030	130	1089	207
b	461	135	507	217
b	984	139	1017	209
SKMBT_36317040717280_eq16.png	23	
d	1099	20	1168	122
d	1478	28	1542	125
a	884	52	944	127
a	359	55	417	133
c	630	63	693	131
a	1418	65	1464	117
2	521	100	543	125
=	1259	116	1291	132
x	998	123	1063	200
-	762	132	810	148
frac	1081	132	1207	151
frac	1320	141	1640	153
d	613	143	726	254
=	835	145	980	249
m	1259	147	1292	164
frac	502	149	573	158
frac	306	160	469	171
m	762	163	795	180
c	1115	164	1187	244
b	1415	170	1459	247
1	527	171	546	227
b	379	181	431	277
c	1482	189	1544	243
SKMBT_36317040717280_eq17.png	12	
n	835	21	867	62
a	769	67	832	127
a	404	68	459	136
m	538	72	577	116
(	318	88	374	241
)	497	108	538	246
frac	750	134	941	152
-	621	139	663	148
b	800	157	843	246
pi	361	165	499	266
n	859	165	890	203
-	623	170	667	179
SKMBT_36317040717280_eq18.png	7	
b	529	21	570	119
0	729	34	783	103
+	455	45	529	119
a	319	54	385	121
x	379	54	433	128
-	626	57	672	68
frac	623	81	685	90
SKMBT_36317040717280_eq19.png	8	
2	333	21	365	69
b	529	30	570	113
c	776	41	838	110
x	583	48	639	114
a	192	50	268	120
+	681	50	763	117
+	381	57	457	132
x	275	59	331	129
SKMBT_36317040717280_eq2.png	2	
sqrt	609	21	889	181
x	717	68	798	171
SKMBT_36317040717280_eq20.png	9	
2	553	21	600	60
b	511	35	559	117
4	700	38	762	117
delta	329	44	409	129
a	772	46	815	101
c	835	46	883	99
-	639	69	681	81
-	436	72	474	80
-	439	92	477	104
SKMBT_36317040717280_eq21.png	13	
sqrt	730	21	1120	136
pm	647	47	709	120
m	937	51	1023	120
+	514	53	634	136
b	787	53	817	124
c	1034	65	1077	120
frac	865	81	921	91
x	343	121	408	213
=	453	136	493	152
frac	537	162	1110	184
-	455	164	503	174
a	781	214	833	259
2	699	223	755	269
SKMBT_36317040717280_eq22.png	22	
(	475	21	493	95
)	1311	49	1371	171
(	593	61	633	170
frac	180	65	249	78
+	1150	65	1216	147
x	1212	71	1268	146
+	737	72	802	144
x	799	74	856	142
x	645	79	697	143
+	913	86	972	155
frac	311	89	362	98
x	394	92	410	108
x	182	95	264	171
frac	415	98	567	110
2	863	103	891	139
frac	309	109	366	118
1	708	109	719	151
=	1083	109	1100	120
n	1274	109	1312	153
=	1030	111	1045	120
m	1111	113	1120	122
n	473	128	531	187
SKMBT_36317040717280_eq23.png	21	
frac	431	21	1515	168
mul	752	49	810	125
mul	1249	51	1308	127
+	667	53	735	126
x	437	54	506	134
+	1175	54	1233	127
+	975	55	1028	122
-	193	65	264	86
a	1067	70	1086	89
x	1131	70	1147	86
2	1107	77	1119	89
2	810	86	850	134
k	1307	86	1348	139
k	1412	86	1460	145
d	506	91	525	141
1	618	95	634	138
2	922	98	961	135
x	205	113	273	195
-	314	114	351	123
-	298	134	351	150
n	923	205	973	257
SKMBT_36317040717280_eq24.png	6	
sqrt	469	21	1217	168
2	862	65	917	100
2	653	70	690	110
y	791	83	839	181
+	681	91	737	168
x	556	97	627	170
SKMBT_36317040717280_eq25.png	10	
a	613	20	708	130
+	728	20	842	114
2	889	20	937	66
y	339	29	394	152
y	844	44	876	136
k	1017	52	1079	146
+	937	57	1008	136
a	533	62	590	114
=	442	66	477	82
-	436	92	483	102
SKMBT_36317040717280_eq26.png	16	
)	813	21	852	141
(	889	34	919	129
)	1184	35	1233	159
(	503	40	539	141
x	1063	52	1142	134
x	721	54	779	127
y	221	56	274	180
x	555	56	619	133
x	927	56	990	131
a	405	71	465	134
2	1139	81	1198	129
-	1024	82	1086	95
-	649	86	702	95
-	323	87	361	97
1	783	87	796	134
-	316	113	359	125
SKMBT_36317040717280_eq27.png	12	
2	999	21	1045	76
b	938	40	978	127
a	697	49	820	142
c	829	65	865	120
frac	869	83	929	96
y	410	114	454	250
x	794	141	810	157
frac	557	150	1210	178
-	486	156	516	165
-	473	182	518	194
4	768	185	844	279
a	857	212	905	272
SKMBT_36317040717280_eq28.png	6	
n	601	20	618	53
a	539	48	666	131
p	695	48	746	128
0	871	49	921	109
-	794	53	841	63
frac	785	75	852	84
SKMBT_36317040717280_eq29.png	13	
frac	949	21	1032	39
y	922	31	951	103
2	968	45	1027	82
pi	663	73	719	138
y	560	102	573	127
frac	899	105	1144	135
-	809	109	843	119
s	517	131	558	197
-	806	132	843	143
frac	644	141	767	162
2	973	141	1045	193
m	561	145	634	181
4	688	163	745	239
SKMBT_36317040717280_eq3.png	3	
3	591	21	637	88
sqrt	607	30	855	180
x	703	65	784	166
SKMBT_36317040717280_eq30.png	7	
1	920	21	940	129
3	800	30	811	46
a	548	33	641	115
0	714	50	763	122
s	653	53	689	118
-	813	53	855	63
frac	803	70	870	82
SKMBT_36317040717280_eq31.png	10	
sqrt	949	21	1052	95
3	994	48	1042	103
2	687	72	784	138
a	511	104	605	178
frac	928	112	1154	133
s	622	116	657	180
-	832	119	859	127
-	829	134	874	148
2	1011	144	1064	200
b	717	147	754	220
SKMBT_36317040717280_eq32.png	10	
=	717	21	784	83
2	951	38	1059	111
b	763	48	796	85
x	810	59	826	75
cos	567	84	689	166
-	846	104	887	113
frac	701	114	803	133
-	855	115	905	129
2	984	134	1036	181
3	719	145	763	202
SKMBT_36317040717280_eq33.png	8	
sqrt	828	21	952	111
3	861	53	920	119
+	554	77	656	218
-	369	120	535	195
frac	787	125	1078	145
-	709	131	741	140
3	889	149	945	235
-	704	153	748	167
SKMBT_36317040717280_eq34.png	13	
a	346	21	363	47
2	426	21	471	63
1	1019	27	1042	136
2	807	28	853	76
A	474	40	554	147
+	603	55	665	137
n	839	57	893	139
s	291	60	333	143
6	682	60	753	141
=	955	60	1018	92
s	762	77	795	141
1	358	79	372	129
m	378	90	410	124
SKMBT_36317040717280_eq35.png	13	
n	917	21	927	42
A	980	25	1052	121
s	865	55	907	129
m	920	67	976	114
cos	445	127	609	221
t	375	129	445	214
frac	739	148	1270	173
-	642	159	678	168
frac	654	169	706	183
A	951	195	1012	279
s	898	223	925	281
c	801	229	853	288
o	852	241	883	279
SKMBT_36317040717280_eq4.png	3	
x	682	21	745	91
frac	651	123	792	134
y	671	169	737	285
SKMBT_36317040717280_eq5.png	3	
1	695	20	714	109
frac	631	138	761	148
2	675	180	731	238
SKMBT_36317040717280_eq6.png	7	
mul	762	21	984	263
sqrt	425	28	612	262
a	847	56	901	119
a	527	71	575	124
=	673	118	714	136
pi	490	150	618	262
=	666	150	700	166
SKMBT_36317040717280_eq7.png	15	
)	1251	20	1308	148
a	1011	32	1099	144
(	70	44	109	168
c	1211	48	1259	117
b	292	51	329	140
+	1126	55	1191	144
+	921	60	983	132
a	826	61	899	133
)	348	64	379	158
c	553	66	611	140
+	445	76	522	146
frac	714	77	761	85
+	207	83	258	154
a	135	95	195	155
-	711	101	762	113
SKMBT_36317040717280_eq8.png	12	
(	879	21	919	125
b	450	29	487	113
(	311	30	348	138
b	923	31	957	109
)	1044	31	1074	131
)	497	36	531	124
c	987	49	1038	114
c	582	57	624	113
a	782	63	836	117
a	372	64	413	118
-	663	71	694	81
-	657	94	690	102
SKMBT_36317040717280_eq9.png	13	
(	294	21	325	129
)	537	21	573	139
b	900	25	938	125
b	351	34	391	117
+	957	43	1015	131
a	1062	45	1115	109
c	1146	45	1223	114
+	408	51	464	115
c	483	51	520	113
a	208	56	273	121
a	832	57	890	112
frac	656	74	707	83
-	658	96	701	106
SKMBT_36317040717290_eq1.png	2	
2	619	21	654	62
x	559	31	641	133
SKMBT_36317040717290_eq10.png	6	
m	766	21	831	67
p	554	36	619	144
a	460	44	555	144
m	648	51	699	79
a	714	57	778	144
a	650	83	699	115
SKMBT_36317040717290_eq11.png	5	
n	570	21	602	70
n	707	29	826	141
a	448	42	542	136
3	538	72	570	151
=	631	72	676	114
SKMBT_36317040717290_eq12.png	12	
2	824	21	855	74
2	682	23	746	125
b	794	33	842	145
m	293	36	394	158
b	537	37	576	154
(	215	40	242	122
1	575	42	603	149
a	250	55	286	129
a	409	58	522	154
-	618	74	666	90
=	755	74	794	90
-	618	106	669	122
SKMBT_36317040717290_eq13.png	13	
n	737	21	761	74
m	653	28	693	79
m	321	32	359	79
n	491	33	519	87
-	697	37	732	54
1	396	51	409	84
a	280	61	320	130
-	545	70	580	83
a	608	71	648	136
a	451	79	488	136
-	381	87	430	98
-	535	98	585	113
n	395	112	419	144
SKMBT_36317040717290_eq14.png	6	
1	549	21	636	110
+	409	24	474	102
a	377	76	417	141
m	488	76	522	92
=	484	108	523	124
m	563	120	634	196
SKMBT_36317040717290_eq15.png	11	
2	474	21	522	71
a	639	22	763	104
f	311	23	385	176
a	391	55	436	128
-	575	82	611	94
pi	452	87	543	183
d	666	110	749	218
-	570	116	615	135
frac	362	215	389	218
frac	392	215	427	218
frac	560	215	602	218
SKMBT_36317040717290_eq16.png	20	
d	825	21	874	139
d	997	54	1068	154
a	298	58	337	128
c	483	73	522	138
n	666	74	714	141
2	378	106	422	154
k	746	122	797	192
pi	282	134	371	234
-	574	135	608	147
a	927	138	959	159
-	646	148	745	170
-	804	148	891	170
pi	451	151	554	255
frac	978	154	1099	175
-	576	165	618	178
a	393	170	417	199
=	922	170	967	186
b	675	174	708	262
k	1003	185	1102	265
c	821	202	864	264
SKMBT_36317040717290_eq17.png	13	
n	639	21	663	71
1	469	22	497	92
a	600	39	635	99
(	342	40	376	168
a	385	47	416	106
)	433	76	464	190
-	524	98	566	109
-	377	126	435	141
-	527	134	573	147
frac	580	136	659	157
b	399	146	430	212
n	639	156	663	194
b	610	160	641	246
SKMBT_36317040717290_eq18.png	7	
b	583	21	619	126
a	693	44	724	121
+	524	49	574	130
x	470	52	522	124
a	435	58	474	121
-	639	74	671	86
-	634	95	682	113
SKMBT_36317040717290_eq19.png	10	
b	590	21	627	145
x	466	29	536	127
+	539	43	591	125
+	689	47	743	131
x	623	56	683	135
c	754	56	807	133
0	884	60	913	136
a	431	65	465	121
-	824	76	867	94
-	827	103	878	119
SKMBT_36317040717290_eq2.png	2	
sqrt	529	21	616	103
x	565	50	622	130
SKMBT_36317040717290_eq20.png	8	
b	610	21	651	140
a	648	30	671	71
delta	445	49	512	135
m	737	50	834	140
c	842	58	879	121
-	532	66	572	82
-	676	81	723	98
-	531	97	593	116
SKMBT_36317040717290_eq21.png	16	
b	621	21	645	98
sqrt	713	21	919	106
+	656	38	688	88
2	785	46	811	74
b	769	52	795	116
-	575	54	619	66
frac	613	57	945	143
c	915	68	943	114
-	801	85	840	98
x	449	88	509	167
-	650	88	697	104
-	514	96	546	106
-	509	124	558	138
n	735	170	759	187
m	774	176	788	187
a	789	178	801	187
SKMBT_36317040717290_eq23.png	14	
frac	522	21	1218	186
f	606	32	655	135
p	673	52	714	133
y	1013	53	1056	140
+	873	59	922	136
m	931	69	943	80
m	952	69	971	85
=	985	80	1000	88
=	442	87	459	95
-	389	97	459	117
n	389	126	443	197
m	458	128	499	165
n	746	181	795	257
n	1038	213	1047	229
SKMBT_36317040717290_eq24.png	6	
frac	503	20	800	127
+	648	55	691	125
y	698	57	746	164
-	602	158	618	164
-	634	158	650	164
-	762	158	778	164
SKMBT_36317040717290_eq25.png	12	
2	613	21	643	54
b	555	30	585	132
k	717	41	766	141
(	415	43	431	126
y	244	44	290	225
a	369	49	403	123
x	432	51	483	131
+	659	56	711	135
)	589	57	612	150
-	493	69	553	83
-	303	72	339	89
-	303	105	342	119
SKMBT_36317040717290_eq26.png	17	
m	538	20	554	32
y	275	21	316	166
x	819	28	874	110
1	683	31	701	111
)	907	31	929	117
1	443	32	457	110
x	706	34	756	100
x	457	35	509	111
-	337	40	377	50
a	395	40	430	105
)	638	40	659	117
x	567	41	613	111
-	769	53	814	63
2	877	60	909	96
-	339	65	377	75
-	522	74	567	85
1	621	78	635	126
SKMBT_36317040717290_eq27.png	8	
cos	517	21	728	115
c	603	48	631	97
y	364	55	411	213
-	635	60	674	73
-	443	74	481	85
-	441	100	486	112
4	574	118	625	183
a	628	131	672	186
SKMBT_36317040717290_eq28.png	8	
n	445	21	457	44
0	523	32	566	127
0	669	43	703	128
s	401	58	435	128
-	601	66	641	77
n	473	81	506	136
1	450	84	462	128
frac	598	90	657	102
SKMBT_36317040717290_eq29.png	14	
sqrt	637	21	704	103
-	509	41	551	55
n	429	49	442	76
2	673	49	712	89
m	513	53	559	93
s	395	70	429	134
-	578	93	619	107
1	431	94	441	127
n	457	96	488	140
-	498	97	561	112
frac	643	109	733	124
4	497	116	554	202
-	583	121	624	135
2	662	139	709	181
SKMBT_36317040717290_eq3.png	2	
sqrt	522	21	634	146
x	580	64	647	153
SKMBT_36317040717290_eq31.png	10	
sqrt	643	21	732	103
pi	497	28	552	99
3	681	45	719	100
a	403	66	471	142
c	359	80	393	134
-	568	98	610	111
pi	485	99	561	192
frac	643	106	735	120
-	572	123	619	134
2	663	130	717	186
SKMBT_36317040717290_eq32.png	10	
1	673	21	742	127
pi	530	32	588	93
s	466	80	507	152
a	437	91	463	139
c	387	93	426	146
-	609	95	653	109
frac	518	103	601	117
-	616	124	657	137
3	541	129	581	196
2	676	139	741	190
SKMBT_36317040717290_eq33.png	10	
sqrt	420	21	505	117
pi	253	33	311	109
b	121	43	199	157
3	453	50	495	119
n	205	89	233	150
3	247	111	304	207
-	335	111	382	123
frac	420	120	501	131
-	332	139	381	149
3	433	152	481	222
SKMBT_36317040717290_eq34.png	10	
1	209	21	220	54
n	293	28	346	131
n	534	37	620	150
1	708	43	727	184
d	229	44	284	142
+	373	52	430	115
a	157	60	220	129
m	442	60	538	140
=	633	76	682	98
frac	625	118	697	131
SKMBT_36317040717290_eq35.png	6	
n	570	20	586	43
+	506	21	705	233
m	201	73	383	168
-	407	111	458	128
=	411	137	456	160
m	506	160	605	224
SKMBT_36317040717290_eq4.png	3	
x	545	21	605	89
frac	510	103	629	119
y	551	127	596	238
SKMBT_36317040717290_eq5.png	2	
1	520	21	628	114
2	545	124	604	183
SKMBT_36317040717290_eq6.png	11	
sqrt	380	21	513	161
sqrt	613	23	713	115
a	439	37	475	86
a	663	60	693	101
-	544	85	577	97
x	421	93	497	199
-	531	123	581	138
frac	605	131	723	160
sqrt	624	163	717	242
b	668	187	705	255
m	538	242	554	255
SKMBT_36317040717290_eq7.png	16	
b	345	21	377	100
)	375	22	405	112
b	757	26	783	114
+	654	29	698	119
+	423	33	467	116
+	794	36	842	125
c	473	37	520	114
(	247	39	265	105
(	724	43	746	113
c	843	43	888	104
+	297	47	341	109
)	881	47	905	118
a	270	53	299	102
a	597	56	634	108
-	543	59	575	71
-	542	74	577	90
SKMBT_36317040717290_eq8.png	12	
b	717	21	749	122
b	377	22	406	137
(	691	26	712	124
(	309	39	331	134
a	635	43	673	110
c	451	48	491	120
)	411	50	438	128
)	794	50	830	146
-	541	51	581	67
c	759	51	805	118
a	340	58	368	127
-	539	78	587	94
SKMBT_36317040717290_eq9.png	13	
b	807	21	841	132
b	500	37	531	130
+	852	44	905	141
c	960	45	1002	112
(	472	50	491	131
)	633	51	655	123
+	533	58	580	124
a	921	58	958	118
c	591	61	633	116
-	703	62	739	75
a	769	63	805	137
a	417	64	461	126
frac	691	83	749	100
SKMBT_36317040717291_eq1.png	2	
2	939	21	1013	90
x	769	47	915	225
SKMBT_36317040717291_eq10.png	10	
)	363	21	429	189
n	458	37	496	106
(	109	43	163	202
m	282	43	362	107
n	920	49	1000	128
a	173	59	270	190
m	831	69	900	129
a	723	76	802	204
-	585	104	624	118
frac	574	154	621	163
SKMBT_36317040717291_eq11.png	12	
n	994	21	1054	88
b	317	35	378	179
n	858	37	902	104
b	923	39	982	193
)	409	47	460	203
n	486	47	545	103
a	749	75	834	183
(	147	81	191	225
a	205	96	296	192
-	616	107	660	117
frac	605	136	692	155
a	800	182	811	196
SKMBT_36317040717291_eq12.png	17	
(	44	21	109	179
2	1347	37	1418	106
2	1111	40	1164	106
(	458	42	510	171
)	747	42	817	192
b	1258	43	1339	182
b	681	44	746	170
b	297	45	362	163
a	106	53	199	154
)	380	58	426	167
+	215	65	269	141
a	1025	68	1105	170
a	515	85	588	170
frac	873	101	948	117
-	609	106	658	122
-	1142	122	1204	138
frac	877	144	937	152
SKMBT_36317040717291_eq13.png	13	
n	1110	21	1183	84
n	617	22	669	89
m	959	30	1026	93
m	237	32	303	98
b	407	42	425	71
a	854	42	924	158
a	111	43	211	152
-	1052	48	1090	60
a	515	60	592	152
-	729	80	768	92
frac	363	95	438	117
-	721	119	772	128
-	389	135	419	143
SKMBT_36317040717291_eq14.png	9	
1	842	20	874	110
p	486	64	529	167
a	267	105	369	250
frac	762	109	964	141
frac	397	126	460	136
frac	593	145	653	158
a	759	157	839	268
p	861	160	908	228
frac	590	182	652	194
SKMBT_36317040717291_eq15.png	13	
c	1015	21	1078	98
a	922	26	996	107
a	296	28	372	119
c	595	37	675	130
frac	898	114	1105	146
x	435	119	497	187
-	749	128	791	146
frac	256	139	385	152
b	909	146	974	266
d	986	151	1069	277
pi	575	155	675	253
-	737	162	791	178
b	305	173	363	247
SKMBT_36317040717291_eq16.png	25	
d	1171	21	1266	169
d	1536	28	1626	175
c	559	42	633	139
a	233	47	298	132
a	863	60	935	154
a	1451	89	1522	171
n	411	129	429	151
frac	390	156	461	167
frac	192	157	315	172
frac	713	157	755	169
x	1028	157	1086	222
frac	549	171	636	185
frac	1328	179	1377	193
frac	835	183	942	199
d	537	184	628	303
a	419	199	435	211
frac	1140	199	1270	211
-	703	204	749	213
b	238	205	304	311
frac	1429	214	1648	229
-	1332	215	1380	229
b	863	221	932	313
c	1156	239	1238	328
b	1460	245	1530	348
c	1530	261	1635	354
SKMBT_36317040717291_eq17.png	13	
n	919	21	971	80
n	543	38	592	120
a	353	42	421	148
a	823	51	892	140
)	462	64	515	302
(	246	76	299	281
frac	317	160	454	181
frac	813	162	999	177
frac	649	166	710	177
n	926	180	972	236
b	360	182	427	289
b	844	196	907	298
frac	650	213	706	225
SKMBT_36317040717291_eq18.png	7	
b	647	21	715	149
0	899	25	981	144
x	380	30	459	145
a	275	37	371	154
+	508	50	581	137
frac	766	82	820	92
frac	761	117	818	126
SKMBT_36317040717291_eq19.png	11	
2	413	21	452	91
a	213	46	293	169
x	318	50	403	167
0	1209	50	1288	170
x	651	53	736	161
b	586	58	649	161
+	786	65	848	160
c	915	69	1014	168
+	448	83	520	168
-	1079	87	1124	106
frac	1077	114	1139	128
SKMBT_36317040717291_eq2.png	2	
sqrt	669	21	903	199
x	778	81	883	176
SKMBT_36317040717291_eq20.png	9	
2	642	20	694	77
b	556	26	621	172
delta	277	30	365	156
a	933	47	1003	141
c	1016	47	1100	128
4	823	48	922	175
frac	435	74	484	85
-	436	105	486	124
-	681	109	743	130
SKMBT_36317040717291_eq21.png	15	
sqrt	815	21	1326	175
b	579	46	637	171
pm	695	46	771	153
b	890	54	942	169
2	954	54	994	106
a	1067	59	1146	165
=	1147	65	1302	151
-	984	116	1031	134
-	428	118	502	134
x	123	122	213	236
-	263	166	321	182
frac	428	196	1339	214
frac	257	198	316	219
a	785	244	874	327
2	683	246	768	327
SKMBT_36317040717291_eq22.png	18	
1	483	21	499	109
)	1518	52	1590	216
(	585	58	635	185
x	873	61	949	165
frac	160	66	261	79
x	1380	69	1476	199
x	645	72	719	171
+	1294	76	1352	169
+	1028	81	1077	153
+	762	92	813	157
frac	436	105	534	122
x	160	111	251	225
2	937	117	986	178
frac	317	127	366	138
1	722	127	735	193
n	1467	131	1506	184
n	455	147	511	233
frac	308	168	369	182
SKMBT_36317040717291_eq23.png	24	
1	940	20	1013	202
m	1419	20	1435	32
f	1507	27	1579	192
f	575	39	655	201
k	826	48	892	152
x	1380	48	1500	147
+	1281	61	1328	137
x	474	64	549	155
+	1059	75	1106	145
4	729	77	772	147
A	1556	95	1598	165
k	887	96	923	145
a	1201	101	1216	111
frac	151	105	236	117
m	1177	105	1186	113
=	1150	106	1162	113
2	984	112	1032	167
1	548	117	557	171
1	659	125	669	170
x	173	142	253	256
=	314	176	359	192
frac	451	207	1591	228
-	311	217	356	227
n	901	257	998	325
SKMBT_36317040717291_eq24.png	6	
sqrt	344	21	990	260
2	581	69	637	130
2	887	89	954	146
x	477	93	557	202
y	785	97	885	255
+	647	107	727	183
SKMBT_36317040717291_eq25.png	13	
2	1035	20	1096	94
b	874	28	954	175
)	959	39	1019	204
(	570	41	659	210
1	1282	48	1294	220
y	175	59	291	230
a	439	62	531	190
+	1084	71	1178	175
mul	647	72	745	184
c	1296	84	1357	150
frac	769	88	864	120
frac	296	110	384	131
-	298	156	388	174
SKMBT_36317040717291_eq26.png	17	
y	171	21	281	201
)	1030	33	1076	185
y	184	38	221	97
x	876	40	971	163
)	1564	40	1638	223
(	591	42	674	183
x	1419	44	1524	171
x	672	45	761	160
x	1181	51	1295	177
(	1127	53	1188	187
a	443	67	534	176
frac	314	91	374	103
-	789	92	845	102
frac	1315	107	1375	117
2	1505	113	1567	184
1	972	115	987	188
frac	311	139	367	148
SKMBT_36317040717291_eq27.png	9	
b	1003	21	1074	156
2	1088	30	1149	88
pi	581	43	733	169
c	749	51	815	140
frac	861	83	939	99
y	206	87	317	257
frac	341	124	410	149
frac	341	169	427	197
frac	521	188	1173	336
SKMBT_36317040717291_eq28.png	8	
0	545	21	621	159
-	381	23	412	33
o	848	30	943	152
s	266	35	345	155
n	411	65	482	153
frac	687	74	735	89
2	344	81	398	151
frac	679	114	748	126
SKMBT_36317040717291_eq29.png	14	
sqrt	822	21	984	152
frac	485	49	566	64
(	484	59	533	134
2	907	66	957	129
c	520	81	564	125
n	268	99	357	213
s	141	107	222	227
2	231	123	293	214
frac	641	152	691	163
frac	445	154	560	171
frac	639	181	700	200
frac	803	183	1027	198
4	437	187	551	306
2	851	225	961	286
SKMBT_36317040717291_eq3.png	3	
sqrt	653	20	884	224
3	661	25	701	97
x	750	77	874	195
SKMBT_36317040717291_eq30.png	6	
1	788	21	815	180
0	458	44	557	200
a	202	45	349	189
s	362	61	426	183
-	634	93	685	109
-	616	132	704	157
SKMBT_36317040717291_eq31.png	11	
sqrt	783	21	934	142
3	838	59	902	134
frac	440	62	527	78
(	451	74	487	137
c	481	86	527	139
s	298	92	362	192
m	161	103	285	192
frac	604	151	652	162
frac	413	153	523	167
frac	756	155	939	172
-	454	173	487	192
SKMBT_36317040717291_eq32.png	12	
1	769	21	793	155
frac	403	57	481	68
(	408	66	457	139
c	447	87	504	140
a	170	103	305	217
s	309	104	355	212
-	568	146	618	162
frac	395	163	497	173
frac	719	163	820	179
-	563	189	624	210
3	369	206	470	293
2	711	211	831	291
SKMBT_36317040717291_eq33.png	14	
sqrt	795	21	952	144
frac	484	31	574	49
(	480	40	541	139
3	846	59	914	142
c	529	67	583	138
t	153	86	252	230
n	329	114	385	196
a	239	123	317	207
frac	657	126	721	145
frac	435	146	602	170
frac	804	158	959	172
6	454	180	535	307
frac	653	184	728	194
3	807	205	909	296
SKMBT_36317040717291_eq34.png	13	
)	459	21	515	198
A	957	34	1068	212
2	887	45	941	120
1	1284	47	1306	210
2	325	50	377	122
f	393	65	477	218
s	151	67	226	171
+	535	75	621	180
m	223	76	321	171
a	692	94	830	194
s	819	95	877	194
frac	1104	116	1170	126
frac	1106	151	1180	163
SKMBT_36317040717291_eq35.png	14	
A	974	21	1067	159
i	807	52	852	154
cos	149	66	343	199
1	479	68	527	251
s	715	69	796	163
n	865	73	919	141
f	431	93	485	251
n	351	122	391	186
frac	719	160	1109	181
frac	543	163	613	174
A	932	174	1057	301
frac	554	191	608	201
a	709	193	843	283
s	843	196	893	284
SKMBT_36317040717291_eq4.png	3	
x	750	21	847	122
frac	683	150	856	168
y	714	168	827	328
SKMBT_36317040717291_eq5.png	3	
1	756	21	779	128
frac	696	159	804	170
2	707	203	806	275
SKMBT_36317040717291_eq6.png	11	
sqrt	729	20	930	203
sqrt	285	45	481	340
a	823	65	890	153
a	381	81	447	168
frac	573	184	625	192
frac	717	196	917	220
frac	366	205	465	221
frac	566	224	623	236
b	390	241	445	332
sqrt	703	251	882	365
b	777	285	842	359
SKMBT_36317040717291_eq7.png	16	
b	1204	21	1275	165
b	255	23	311	141
(	11	36	79	176
)	1445	40	1505	197
c	1099	44	1166	172
c	533	45	625	153
+	421	50	481	147
)	336	53	393	163
+	989	60	1047	127
a	811	63	897	154
a	58	69	125	149
+	136	69	187	152
+	1288	69	1334	155
c	1370	76	1459	172
frac	682	81	734	94
-	683	117	731	127
SKMBT_36317040717291_eq8.png	12	
b	209	21	268	156
b	763	22	821	166
(	693	38	757	166
)	890	40	960	182
(	73	46	132	192
)	289	46	325	169
c	356	52	415	157
a	604	59	672	147
c	839	70	899	156
a	126	74	194	172
frac	484	92	536	103
frac	480	121	549	136
SKMBT_36317040717291_eq9.png	13	
b	805	21	871	158
b	298	27	362	170
)	514	27	570	176
(	215	35	283	176
c	1098	39	1175	147
a	1024	45	1087	145
a	727	60	790	146
a	115	61	193	148
+	918	62	977	148
c	458	66	512	153
+	378	67	439	155
frac	613	89	670	100
frac	605	119	673	134
SKMBT_36317040717310_eq1.png	3	
m	858	20	874	29
a	999	21	1042	65
pi	858	28	971	141
SKMBT_36317040717310_eq2.png	2	
sqrt	783	21	1008	177
x	888	77	986	188
SKMBT_36317040717310_eq3.png	1	
m	770	21	1005	169
SKMBT_36317040717310_eq4.png	4	
-	786	21	955	101
x	1019	37	1035	53
frac	786	117	1062	149
y	877	157	938	254
SKMBT_36317040717310_eq5.png	9	
+	810	20	1036	166
frac	763	22	826	38
-	858	22	906	38
m	986	22	1003	30
-	1018	22	1036	30
=	988	32	1001	38
n	1020	32	1036	54
2	871	182	955	314
n	932	182	939	194
SKMBT_36317040717310_eq6.png	10	
m	842	20	1003	138
p	441	43	643	299
(	474	138	481	158
=	722	138	735	146
-	722	138	778	164
sqrt	826	146	1057	298
a	722	166	763	202
b	922	208	987	298
1	610	234	619	266
1	858	250	862	266
SKMBT_36317040717310_eq7.png	17	
)	1415	21	1482	145
b	458	26	491	128
3	506	26	554	128
c	1131	35	1179	116
b	1210	35	1261	116
+	394	36	444	128
+	1296	36	1340	94
6	677	37	719	114
(	284	39	315	111
c	1365	42	1403	100
+	595	47	637	111
+	1051	47	1115	118
a	931	51	987	101
-	802	55	853	65
a	333	56	373	102
frac	797	80	858	90
m	618	116	634	128
SKMBT_36317040717320_eq1.png	2	
2	920	20	953	55
x	835	56	903	130
SKMBT_36317040717320_eq10.png	11	
m	794	20	811	32
n	723	21	763	75
m	600	36	666	96
(	420	41	459	162
)	650	49	710	175
m	1098	51	1163	93
n	1171	51	1212	98
a	510	74	587	144
a	1006	87	1089	167
frac	831	90	911	104
frac	826	121	912	135
SKMBT_36317040717320_eq11.png	11	
n	713	20	747	65
b	595	37	645	139
(	423	38	465	171
n	1219	40	1254	87
n	1083	46	1131	97
)	649	47	702	190
b	1147	49	1203	168
a	511	72	581	137
a	991	81	1083	161
frac	819	96	896	110
frac	817	131	895	144
SKMBT_36317040717320_eq12.png	17	
2	1360	20	1403	67
2	1564	20	1608	70
)	643	21	698	162
(	339	24	378	145
b	585	29	650	128
(	714	34	768	160
)	1036	43	1099	181
2	410	45	483	112
+	490	45	554	102
b	987	45	1041	144
b	1493	51	1550	164
2	810	64	885	129
a	1275	78	1356	149
-	901	80	955	101
frac	1148	84	1223	95
frac	1406	107	1464	119
frac	1144	113	1223	125
SKMBT_36317040717320_eq13.png	13	
m	502	21	587	70
n	926	28	970	74
n	1440	36	1491	85
m	1291	38	1364	86
b	690	54	714	82
-	1380	60	1433	70
a	396	63	486	148
a	827	75	903	153
frac	649	93	748	113
a	1186	96	1259	168
-	1035	97	1101	113
a	697	113	717	135
-	1027	129	1099	145
SKMBT_36317040717320_eq14.png	9	
1	1040	21	1052	87
p	735	40	785	111
-	675	66	719	79
frac	978	104	1163	119
a	588	107	667	185
frac	829	127	891	140
p	1084	134	1122	197
frac	831	155	894	165
a	1008	168	1064	217
SKMBT_36317040717320_eq15.png	4	
a	573	21	651	87
c	902	32	950	89
cos	1227	43	1349	105
n	740	98	746	107
SKMBT_36317040717320_eq16.png	19	
d	1384	20	1451	129
c	766	36	819	96
a	421	39	495	112
a	1130	49	1204	129
m	616	114	631	130
frac	373	132	520	161
frac	713	136	875	152
x	1275	136	1339	209
frac	954	142	1011	153
=	1080	145	1243	273
frac	571	149	667	163
frac	1348	157	1493	177
=	1538	161	1586	178
b	423	164	491	268
d	754	168	825	281
-	951	175	1001	185
a	613	180	625	198
-	1530	193	1582	209
c	1387	202	1452	278
SKMBT_36317040717320_eq17.png	14	
n	1060	21	1090	69
n	675	45	723	96
a	497	49	571	116
)	593	63	670	309
a	986	67	1063	149
(	391	77	444	309
m	842	149	854	165
frac	455	150	615	165
frac	774	171	854	184
frac	927	178	1127	193
b	506	189	570	282
n	1060	199	1095	242
b	998	205	1050	307
frac	773	216	850	228
SKMBT_36317040717320_eq18.png	7	
b	717	21	782	140
x	488	33	568	134
a	401	41	473	130
+	611	51	678	109
0	933	52	985	124
-	823	71	884	87
-	825	100	882	113
SKMBT_36317040717320_eq19.png	10	
2	531	21	578	61
b	725	33	778	149
x	782	63	857	154
a	359	64	425	145
x	440	65	511	147
c	990	85	1042	155
+	886	86	948	136
frac	1108	86	1246	153
+	581	87	659	143
-	1113	101	1151	113
SKMBT_36317040717320_eq2.png	2	
sqrt	767	21	921	135
x	834	64	896	129
SKMBT_36317040717320_eq20.png	9	
2	783	21	821	67
b	713	43	771	147
4	956	45	1033	150
delta	417	58	517	132
frac	583	67	649	77
c	1139	72	1200	136
a	1056	73	1128	135
frac	577	103	641	115
-	830	106	885	117
SKMBT_36317040717320_eq21.png	13	
sqrt	794	21	1263	151
b	618	36	682	123
pm	712	43	784	112
b	890	43	945	139
m	1067	54	1235	139
-	539	86	598	107
-	996	100	1044	110
x	283	119	367	197
-	410	139	465	158
frac	505	155	1274	187
-	413	168	463	187
2	765	204	821	272
a	838	217	914	276
SKMBT_36317040717320_eq22.png	21	
1	581	21	603	91
a	1412	78	1499	191
)	1538	78	1593	211
x	769	83	849	189
x	998	83	1066	171
(	709	85	738	197
+	896	91	956	152
frac	527	94	668	109
+	1120	95	1170	151
+	1345	96	1388	141
frac	283	97	375	113
a	1217	114	1230	128
-	437	116	485	125
=	1282	116	1300	125
=	1252	117	1268	125
2	1060	131	1094	169
1	850	141	863	172
x	293	145	363	221
frac	433	147	485	156
n	566	147	631	223
n	1496	149	1532	191
SKMBT_36317040717320_eq23.png	24	
f	570	21	636	139
f	897	24	972	143
f	1451	31	1523	156
x	474	35	557	104
a	815	40	877	109
a	1355	40	1451	123
+	1258	46	1317	107
+	714	50	763	99
+	1040	53	1099	101
-	225	72	314	88
2	871	72	907	105
a	1126	72	1147	88
a	1162	72	1179	89
x	1195	72	1211	88
1	643	73	656	111
a	551	79	570	104
k	1510	83	1554	135
2	962	84	1003	120
x	247	119	330	201
-	362	120	413	136
-	369	145	409	156
frac	461	145	1599	184
x	1371	200	1387	216
n	868	203	928	267
SKMBT_36317040717320_eq24.png	6	
sqrt	474	20	1057	198
2	905	53	955	96
2	721	60	762	85
x	617	89	699	178
y	807	92	891	218
+	742	96	790	162
SKMBT_36317040717320_eq25.png	12	
2	954	21	998	69
(	554	63	594	215
)	888	65	938	223
k	1146	69	1207	168
y	228	70	303	209
h	819	76	883	189
pi	634	93	714	181
a	471	95	541	163
-	337	99	393	111
+	1003	114	1083	171
-	730	117	784	134
-	336	126	391	140
SKMBT_36317040717320_eq26.png	16	
)	1270	21	1319	167
(	929	28	954	136
)	873	29	917	148
x	589	31	673	121
x	1167	31	1248	123
(	533	34	559	120
x	775	34	851	120
y	209	35	285	153
x	998	36	1071	133
-	325	56	374	68
a	441	60	506	121
-	1092	69	1134	81
-	692	72	740	85
2	1243	85	1272	111
1	849	91	861	123
-	317	93	370	107
SKMBT_36317040717320_eq27.png	12	
2	888	21	931	63
b	823	39	874	147
4	511	47	580	145
cos	580	66	704	129
1	246	86	250	102
-	733	89	793	107
y	247	123	319	285
-	378	150	421	163
-	370	183	417	192
frac	485	184	881	199
4	616	217	685	310
a	701	240	777	302
SKMBT_36317040717320_eq28.png	8	
0	617	21	674	135
2	481	25	503	49
0	805	38	859	123
s	377	63	435	135
-	709	73	750	85
n	509	75	565	136
1	459	77	477	128
frac	704	101	761	111
SKMBT_36317040717320_eq29.png	14	
sqrt	879	21	1027	147
pi	563	53	645	121
1	577	68	605	130
2	961	69	1012	116
a	437	101	453	119
=	345	141	410	222
frac	539	146	681	159
-	766	147	802	159
n	467	157	522	216
1	426	161	443	206
frac	863	171	1046	192
4	600	173	657	265
-	759	173	798	189
2	927	212	983	269
SKMBT_36317040717320_eq3.png	3	
3	743	21	785	88
sqrt	737	26	928	190
x	822	74	908	166
SKMBT_36317040717320_eq30.png	8	
0	615	21	674	123
m	798	32	811	40
c	409	36	457	116
1	823	37	846	135
s	530	38	583	123
o	472	45	525	112
-	724	57	761	68
-	724	80	766	91
SKMBT_36317040717320_eq31.png	14	
sqrt	822	21	959	137
3	894	51	931	122
frac	570	65	651	76
1	584	78	608	128
c	615	78	647	125
s	495	130	537	201
c	373	140	424	196
frac	551	140	677	154
o	435	144	483	203
-	738	147	773	156
frac	809	147	989	163
b	601	154	635	235
-	730	166	762	176
2	874	189	925	243
SKMBT_36317040717320_eq32.png	12	
1	865	21	877	92
x	545	39	629	106
2	597	58	630	101
frac	817	95	937	108
s	451	102	508	182
c	339	107	409	171
o	409	111	455	167
frac	521	120	656	132
-	716	125	756	137
2	852	130	909	196
-	708	152	765	165
3	576	153	623	225
SKMBT_36317040717320_eq33.png	13	
sqrt	981	21	1115	130
frac	657	35	747	51
b	713	54	745	107
3	1046	54	1090	126
1	674	55	695	119
t	381	97	476	197
frac	623	124	781	147
=	842	131	890	164
a	480	134	547	195
n	551	136	607	207
frac	958	145	1160	161
b	698	163	746	236
3	1046	173	1099	258
SKMBT_36317040717320_eq34.png	14	
2	530	20	571	79
2	981	38	1023	74
2	454	40	475	58
n	570	47	650	166
A	1022	64	1098	170
1	1258	79	1279	160
s	905	80	954	156
cos	795	83	894	146
s	349	84	421	142
n	473	86	520	144
+	690	86	752	143
1	443	89	464	134
-	1174	102	1201	114
-	1166	122	1214	131
SKMBT_36317040717320_eq35.png	15	
m	986	20	1007	36
d	1010	20	1017	33
A	1056	28	1113	124
s	916	61	968	112
n	1007	66	1048	107
1	989	68	1002	100
A	641	82	711	193
t	413	98	505	185
n	570	130	615	171
-	766	133	798	142
a	506	134	565	182
frac	885	140	1141	163
-	762	145	800	156
a	1012	174	1113	253
cos	921	184	1003	242
SKMBT_36317040717320_eq4.png	3	
x	792	21	871	97
frac	750	116	921	128
y	795	157	862	264
SKMBT_36317040717320_eq5.png	3	
d	794	20	827	107
frac	729	117	891	131
2	767	152	849	244
SKMBT_36317040717320_eq6.png	7	
sqrt	508	20	708	267
x	906	29	1111	295
2	602	52	682	116
a	1002	81	1067	140
=	762	116	858	180
-	570	136	699	164
b	621	166	673	250
SKMBT_36317040717320_eq7.png	16	
b	537	21	602	148
(	255	23	286	157
)	611	29	666	173
)	1624	36	1666	206
+	695	43	780	132
(	1306	46	1355	167
b	1387	48	1451	148
a	343	52	415	135
+	441	57	499	111
+	1187	64	1256	148
c	810	65	874	153
a	1080	79	1150	153
+	1466	83	1530	153
-	938	84	1019	100
c	1559	84	1611	155
-	936	114	1027	132
SKMBT_36317040717320_eq8.png	13	
(	348	21	391	162
)	582	21	640	188
b	524	40	577	150
b	1116	58	1175	170
c	661	71	725	157
a	438	78	505	150
)	1265	80	1304	205
a	960	91	1042	174
-	799	94	892	110
(	1062	94	1088	175
c	1196	104	1238	180
-	791	126	890	142
m	922	178	931	186
SKMBT_36317040717320_eq9.png	12	
b	442	21	509	142
)	693	44	736	157
2	971	45	1115	157
a	293	58	368	140
1	394	60	416	129
c	633	60	677	140
+	529	78	599	134
frac	815	85	911	95
+	1154	91	1230	163
c	1371	97	1420	161
a	1304	99	1370	167
frac	809	115	905	127
SKMBT_36317040717340_eq1.png	2	
m	1032	21	1077	53
x	918	54	994	148
SKMBT_36317040717340_eq10.png	10	
n	698	20	749	66
)	655	30	684	160
(	453	34	506	164
m	1010	49	1087	91
m	586	50	641	82
n	1098	53	1142	95
a	512	62	577	146
a	901	72	988	177
frac	800	91	846	101
frac	804	102	869	117
SKMBT_36317040717340_eq11.png	12	
b	1110	21	1184	198
pi	682	22	699	38
2	1210	22	1250	70
n	714	38	779	88
(	405	52	474	225
a	1051	54	1092	97
4	452	70	602	182
)	623	70	682	219
a	947	83	1022	166
-	829	112	881	130
-	834	127	895	144
x	794	198	810	214
SKMBT_36317040717340_eq12.png	16	
b	528	20	602	147
m	1098	32	1131	48
b	1419	32	1486	179
2	1512	32	1548	69
2	1290	48	1337	82
(	330	51	372	144
+	830	55	954	155
)	619	61	654	151
m	378	64	506	133
c	697	64	736	149
)	976	64	1035	176
a	1195	78	1266	162
a	746	79	803	149
-	1341	96	1387	115
-	1093	98	1130	108
frac	1086	111	1158	126
SKMBT_36317040717340_eq13.png	13	
m	489	21	551	58
m	1198	32	1254	79
n	1312	32	1364	70
a	383	41	457	138
-	1268	47	1308	56
n	863	48	921	84
n	616	62	636	84
a	1100	74	1178	156
a	765	82	857	172
frac	975	96	1024	105
frac	555	98	700	116
-	970	113	1028	128
b	610	126	625	146
SKMBT_36317040717340_eq14.png	11	
1	906	20	910	46
1	912	20	937	94
p	602	29	650	102
-	565	59	601	67
a	451	93	530	210
frac	830	99	1071	123
frac	705	125	757	137
p	961	129	1002	190
frac	709	136	767	150
sqrt	857	169	910	230
d	887	195	918	230
SKMBT_36317040717340_eq15.png	17	
a	378	21	449	114
c	755	52	823	131
+	1092	64	1366	305
c	1211	75	1276	133
frac	337	123	539	139
m	583	139	627	195
pi	709	141	911	289
=	968	143	1036	177
b	394	157	458	285
+	1243	192	1366	305
=	474	240	506	256
=	567	240	619	272
x	842	256	858	272
m	889	256	907	272
m	922	256	939	272
-	953	256	1020	272
x	1227	256	1243	272
SKMBT_36317040717340_eq17.png	13	
m	933	21	971	59
a	346	23	401	112
(	255	28	298	306
n	517	45	566	93
a	843	49	925	130
)	430	103	482	330
frac	305	145	451	170
frac	771	147	1045	174
frac	603	150	653	159
frac	608	173	685	187
b	872	177	940	324
b	351	180	400	304
n	968	196	998	229
SKMBT_36317040717340_eq18.png	7	
b	599	21	697	228
a	296	90	390	202
0	861	107	917	203
x	423	118	473	190
+	504	124	551	186
-	757	142	800	153
frac	753	152	838	177
SKMBT_36317040717340_eq19.png	11	
b	629	21	698	184
2	491	47	523	78
x	387	80	463	168
a	267	87	375	174
0	1175	90	1226	166
x	721	101	797	174
c	966	102	1035	170
+	502	105	573	170
-	1096	111	1134	119
+	835	112	897	177
frac	1080	120	1174	141
SKMBT_36317040717340_eq2.png	2	
sqrt	856	21	991	172
x	922	89	980	161
SKMBT_36317040717340_eq20.png	8	
b	553	21	669	198
2	715	48	761	81
4	871	64	961	192
delta	265	70	370	168
-	454	88	487	97
dots	994	95	1194	164
frac	443	111	507	121
frac	777	125	841	136
SKMBT_36317040717340_eq21.png	12	
sqrt	954	21	1502	188
b	693	38	753	156
pm	819	76	901	156
b	1064	76	1118	174
2	1138	76	1176	114
4	1243	86	1310	169
cos	1323	92	1468	156
frac	599	102	663	116
-	1169	132	1232	156
pi	225	138	329	208
-	382	167	426	177
-	384	186	432	204
SKMBT_36317040717340_eq22.png	20	
1	586	20	614	116
frac	183	100	317	121
frac	527	110	735	139
(	775	115	806	213
x	847	143	927	227
x	195	145	283	237
x	1049	146	1144	219
frac	403	151	451	163
x	1547	154	1638	240
+	982	155	1029	203
+	1441	159	1493	222
+	1226	165	1273	213
frac	402	169	462	185
1	954	175	966	215
m	1357	179	1370	190
2	1310	180	1328	191
2	1179	183	1212	219
=	1385	188	1403	197
n	581	189	665	260
m	1380	212	1401	228
SKMBT_36317040717340_eq23.png	21	
f	989	21	1059	218
f	579	29	645	229
m	1290	76	1303	88
x	431	109	507	206
+	719	109	778	162
x	831	111	914	204
x	1456	118	1532	203
+	1138	125	1184	181
+	1361	129	1410	181
k	1534	129	1596	228
frac	101	137	180	161
=	1232	149	1255	163
1	521	151	530	179
2	937	152	988	182
2	1302	154	1326	169
tan	1270	155	1290	169
1	656	161	664	199
2	1056	167	1101	203
x	106	188	180	249
-	261	203	311	222
-	269	219	315	236
SKMBT_36317040717340_eq24.png	7	
frac	131	21	559	32
b	59	23	119	179
2	244	64	291	91
2	552	69	607	105
x	134	86	215	162
y	448	95	509	199
+	293	104	361	158
SKMBT_36317040717340_eq25.png	12	
k	994	21	1072	193
b	631	34	715	193
2	813	53	869	83
y	55	60	157	227
a	303	86	363	165
)	738	87	782	199
(	401	96	426	180
+	881	103	947	163
-	200	108	237	116
x	443	109	526	191
-	205	127	251	139
-	535	131	594	146
SKMBT_36317040717340_eq26.png	23	
y	85	21	192	192
a	383	43	455	138
)	1371	44	1429	200
(	485	50	517	155
x	1221	52	1296	143
-	251	57	297	65
)	861	57	894	159
x	701	59	768	155
(	937	62	978	173
x	557	65	613	151
x	1049	69	1105	148
frac	248	76	305	89
2	1311	93	1371	132
1	805	97	817	143
-	1131	97	1186	107
frac	627	99	681	110
p	84	180	93	192
-	90	180	123	192
frac	186	180	305	192
-	1130	180	1147	188
x	1163	180	1179	196
a	1130	190	1147	200
-	1339	196	1355	200
SKMBT_36317040717340_eq27.png	9	
frac	383	21	1100	307
2	943	59	995	95
cos	522	107	671	170
y	88	116	168	321
frac	708	120	762	132
frac	213	161	253	173
-	211	181	276	198
m	192	186	203	194
a	746	230	839	299
SKMBT_36317040717340_eq28.png	8	
2	210	21	240	44
s	119	40	166	130
0	388	52	457	139
0	649	63	709	134
x	602	65	618	81
cos	199	66	325	113
frac	525	86	577	96
frac	529	101	605	116
SKMBT_36317040717340_eq29.png	12	
sqrt	739	21	897	156
n	270	40	279	56
pi	350	49	464	145
2	831	69	903	111
-	185	99	220	114
dots	89	129	301	209
frac	613	132	665	145
frac	617	143	691	165
frac	313	149	553	172
frac	717	153	974	176
4	382	172	475	253
2	803	197	899	259
SKMBT_36317040717340_eq3.png	4	
3	789	21	825	84
frac	865	24	943	40
y	797	27	869	167
x	897	85	955	167
SKMBT_36317040717340_eq30.png	5	
1	696	20	711	197
cos	141	57	362	149
2	390	57	463	149
frac	541	81	602	91
frac	554	101	627	113
SKMBT_36317040717340_eq31.png	11	
frac	791	21	899	41
b	751	30	802	164
3	834	69	891	140
pi	326	73	421	150
cos	81	138	277	240
frac	569	160	635	172
frac	308	167	527	186
frac	586	170	659	193
frac	724	175	988	190
6	385	184	435	286
2	788	216	897	304
SKMBT_36317040717340_eq32.png	23	
b	746	21	778	108
pi	317	36	435	128
cos	112	88	273	203
frac	700	122	879	150
frac	577	130	629	138
frac	332	142	494	159
frac	577	147	639	166
3	382	178	447	256
2	737	178	871	256
n	111	261	122	277
x	138	261	154	277
m	170	261	186	278
-	266	277	287	283
frac	288	277	331	283
=	332	277	344	283
frac	352	277	394	283
frac	396	277	433	283
frac	434	277	508	283
frac	512	277	603	283
m	620	277	633	283
frac	634	277	682	283
frac	684	277	798	283
frac	800	277	879	283
SKMBT_36317040717340_eq33.png	12	
)	911	21	967	152
frac	963	26	1064	37
pi	529	48	646	119
tan	171	58	455	244
(	621	64	649	122
3	995	68	1066	142
frac	508	143	727	174
frac	767	150	825	160
frac	772	170	834	180
frac	897	170	1132	186
6	571	178	627	280
3	978	210	1046	294
SKMBT_36317040717340_eq34.png	11	
2	319	20	409	66
A	375	20	474	198
A	885	21	996	218
b	170	34	203	66
1	1231	41	1276	214
2	865	45	917	82
sqrt	53	62	255	167
+	503	77	559	131
cos	632	77	842	152
frac	1072	87	1132	96
frac	1076	107	1162	119
SKMBT_36317040717340_eq35.png	8	
frac	697	21	1145	148
tan	102	29	343	213
-	802	32	847	53
A	367	67	491	217
frac	546	115	602	125
frac	549	132	619	142
A	986	162	1068	275
cos	785	173	961	246
SKMBT_36317040717340_eq4.png	3	
x	801	21	881	110
frac	761	91	931	141
y	843	116	906	257
SKMBT_36317040717340_eq5.png	4	
1	852	20	875	94
1	842	61	844	93
frac	781	99	962	134
2	825	155	903	234
SKMBT_36317040717340_eq6.png	13	
-	768	21	867	52
y	1067	31	1115	146
-	1124	40	1182	63
i	721	41	767	290
a	810	63	860	136
a	1141	78	1195	130
frac	1080	138	1266	168
-	960	146	1004	159
frac	769	158	887	177
frac	954	172	1012	184
sqrt	1062	182	1185	326
b	817	192	855	282
b	1140	214	1192	312
SKMBT_36317040717340_eq7.png	16	
b	1181	21	1224	127
(	317	25	350	135
)	559	28	600	133
b	490	37	541	133
a	355	46	403	111
(	1097	51	1153	117
0	1304	57	1408	172
+	423	58	466	118
a	932	60	989	124
+	648	63	694	126
c	723	65	775	122
+	1000	65	1050	107
+	1232	65	1275	117
-	829	69	866	80
frac	813	86	883	108
x	858	124	874	140
SKMBT_36317040717340_eq8.png	11	
b	1139	21	1193	145
4	495	24	625	125
(	428	25	473	149
)	643	53	675	147
(	1066	56	1096	135
a	964	60	1026	121
)	1259	61	1306	195
c	723	67	782	123
-	837	73	880	82
c	1213	85	1266	132
-	843	90	895	101
SKMBT_36317040717340_eq9.png	11	
b	555	21	599	144
a	378	26	459	105
cos	984	34	1116	131
(	486	41	513	128
)	765	41	804	151
c	685	58	748	124
dots	1233	58	1410	121
+	1154	63	1206	114
+	611	75	656	120
frac	859	76	897	86
-	857	88	912	101
SKMBT_36317040717341_eq1.png	2	
2	629	21	675	76
mul	524	57	618	141
SKMBT_36317040717341_eq10.png	10	
n	796	21	849	71
(	492	61	545	251
)	738	61	810	227
m	1280	64	1360	132
n	1399	74	1446	128
m	661	90	733	141
a	550	114	653	218
a	1187	114	1291	206
-	963	128	1023	147
-	970	172	1020	189
SKMBT_36317040717341_eq11.png	11	
n	826	21	880	71
b	1321	34	1387	168
(	583	38	634	197
m	1382	39	1425	87
)	777	53	831	175
n	1222	55	1275	135
b	714	67	781	167
a	1130	87	1227	183
a	634	103	714	167
frac	951	112	1020	124
-	957	154	1014	164
SKMBT_36317040717341_eq12.png	15	
(	549	21	602	182
)	850	33	922	166
(	954	33	1012	182
)	1211	38	1275	186
2	1526	38	1583	102
b	778	54	859	150
b	1157	64	1213	150
+	707	85	753	143
a	618	86	682	137
a	1000	86	1058	140
a	1452	86	1520	168
-	1329	101	1378	118
=	1090	102	1136	123
-	1611	115	1672	137
=	1334	134	1372	151
SKMBT_36317040717341_eq13.png	13	
m	487	21	568	59
n	887	31	933	73
m	669	45	683	60
m	1264	46	1336	91
a	397	53	479	134
n	1455	53	1505	99
-	1370	61	1414	75
a	821	64	885	135
a	1165	74	1262	153
frac	641	77	717	92
-	1021	83	1076	98
m	1021	102	1076	127
m	669	109	683	123
SKMBT_36317040717341_eq14.png	9	
1	954	21	987	118
p	545	93	576	154
-	501	97	535	111
a	429	135	521	230
frac	825	143	1178	165
-	657	152	703	163
-	666	181	706	195
p	1035	182	1083	253
a	938	214	1034	273
SKMBT_36317040717341_eq15.png	13	
a	438	21	515	87
c	790	33	874	98
=	1156	48	1308	109
x	645	89	702	143
frac	419	99	566	117
frac	769	108	909	143
frac	1140	119	1356	147
-	1006	124	1052	140
b	447	133	530	219
-	1016	150	1060	165
d	805	153	861	239
b	1146	156	1211	239
d	1226	156	1278	239
SKMBT_36317040717341_eq16.png	20	
a	338	21	427	113
d	1345	28	1404	153
c	760	53	852	117
a	1078	61	1150	126
m	600	113	614	128
x	1235	121	1293	175
-	919	127	976	138
frac	739	131	865	147
frac	309	134	466	151
frac	1068	139	1178	159
frac	565	140	653	156
-	1508	156	1576	173
frac	1326	159	1442	182
-	929	160	978	175
b	352	166	437	259
d	775	167	837	254
b	1089	173	1148	252
m	600	188	615	203
-	1515	188	1576	208
c	1355	203	1428	259
SKMBT_36317040717341_eq17.png	13	
n	490	21	536	66
a	922	24	987	59
(	274	42	347	267
)	438	49	515	266
a	862	61	933	134
a	348	79	411	140
-	666	139	731	155
frac	813	150	1027	169
frac	336	161	454	178
-	673	169	727	183
n	955	181	1005	213
b	871	182	951	269
b	373	185	437	241
SKMBT_36317040717341_eq18.png	7	
0	1035	21	1127	142
b	760	32	847	128
a	369	64	482	162
x	503	65	592	151
+	645	67	713	141
-	929	80	981	90
-	931	108	983	119
SKMBT_36317040717341_eq19.png	9	
0	1304	21	1398	147
2	477	36	589	153
b	714	49	797	150
a	351	70	458	158
+	954	77	1019	140
mul	822	79	890	151
c	1067	86	1149	141
=	1202	86	1259	134
+	618	102	682	157
SKMBT_36317040717341_eq2.png	2	
sqrt	483	21	733	120
x	585	65	659	117
SKMBT_36317040717341_eq20.png	9	
2	741	20	794	78
4	971	30	1038	167
b	680	38	762	165
delta	375	71	455	170
-	855	103	919	116
c	1151	105	1221	157
a	1075	109	1135	157
frac	519	111	586	128
-	531	133	592	151
SKMBT_36317040717341_eq21.png	11	
frac	842	21	1332	155
b	618	26	698	122
m	741	37	795	91
-	531	74	592	94
=	1163	90	1279	154
-	736	99	795	122
-	1035	103	1083	122
pi	280	123	368	175
-	394	138	449	159
-	410	170	442	175
frac	532	170	586	175
SKMBT_36317040717341_eq22.png	20	
+	474	20	506	104
(	654	36	725	237
-	167	86	256	116
+	1090	112	1160	178
x	936	113	1014	181
x	1543	113	1613	186
x	723	114	780	181
+	1438	117	1504	176
-	327	125	369	138
frac	443	128	600	144
+	852	129	893	182
x	179	132	254	219
n	1240	132	1259	164
a	1290	132	1323	164
m	1355	132	1403	164
1	797	154	808	188
2	1010	154	1057	206
-	337	158	377	172
n	1625	167	1686	215
n	473	171	535	230
SKMBT_36317040717341_eq23.png	16	
f	906	21	987	153
p	506	38	572	151
k	373	49	475	150
x	762	54	890	174
+	1067	70	1138	166
x	1498	83	1585	170
+	666	86	721	150
frac	80	92	176	108
m	1304	100	1339	132
m	1216	102	1237	129
m	1392	104	1415	132
2	971	118	1028	174
x	83	133	166	194
n	570	133	589	166
k	1600	138	1636	192
-	241	155	297	169
SKMBT_36317040717341_eq24.png	6	
sqrt	318	20	889	215
2	538	71	586	142
2	810	78	865	142
x	442	103	530	206
+	618	110	682	185
y	746	125	801	235
SKMBT_36317040717341_eq25.png	12	
2	1120	21	1161	78
)	1064	50	1118	198
(	789	58	833	192
h	1008	59	1075	178
k	1344	74	1420	188
y	408	86	489	218
+	1237	90	1301	176
a	649	99	742	196
x	829	109	895	179
-	517	115	577	127
-	920	128	984	142
-	512	148	577	166
SKMBT_36317040717341_eq26.png	17	
)	1608	21	1682	196
(	810	27	859	172
)	1141	36	1194	179
(	1238	38	1283	164
x	1489	68	1571	134
y	415	69	492	224
mul	847	77	916	153
a	695	83	780	160
x	1037	83	1102	150
x	1292	89	1363	149
frac	556	94	631	107
-	1398	99	1463	114
frac	935	100	1005	118
2	1572	113	1622	170
1	1116	125	1128	176
-	563	133	627	150
x	602	171	618	187
SKMBT_36317040717341_eq27.png	12	
2	1134	21	1188	79
b	1076	34	1153	149
4	685	56	745	180
-	954	106	1025	124
c	827	107	897	157
a	763	109	815	161
y	369	119	457	313
-	524	144	577	158
frac	673	183	1264	206
-	523	190	574	210
4	894	225	964	356
a	979	298	1050	359
SKMBT_36317040717341_eq28.png	8	
0	988	21	1090	141
0	757	25	846	148
a	649	48	664	65
s	523	55	620	145
-	892	61	937	77
n	676	80	724	143
1	650	86	663	140
-	899	88	943	104
SKMBT_36317040717341_eq29.png	14	
sqrt	1017	21	1180	122
pi	651	30	742	114
2	1078	44	1146	122
m	518	101	540	119
s	416	103	493	185
-	873	122	925	138
frac	635	132	807	150
1	522	133	538	199
n	554	134	603	187
frac	988	134	1243	160
-	877	164	923	177
4	683	168	733	260
2	1051	190	1147	270
n	993	199	1003	213
SKMBT_36317040717341_eq3.png	3	
3	469	21	514	77
sqrt	459	31	695	176
x	563	75	637	174
SKMBT_36317040717341_eq30.png	7	
1	921	21	1042	149
0	724	33	815	153
c	442	53	518	149
o	533	75	599	149
s	621	77	677	143
-	848	79	886	91
-	849	97	887	116
SKMBT_36317040717341_eq31.png	12	
sqrt	1054	21	1184	128
3	1110	52	1159	126
pi	699	55	816	124
c	405	106	485	202
s	569	119	626	205
o	499	130	569	214
-	904	135	952	149
frac	700	140	810	160
frac	1038	144	1223	168
6	729	172	787	254
-	913	176	953	188
2	1078	186	1149	258
SKMBT_36317040717341_eq32.png	12	
1	1082	20	1115	114
pi	667	30	776	103
x	1035	58	1051	74
c	370	97	445	191
0	464	99	536	189
-	917	100	970	119
s	539	101	593	191
frac	654	107	809	131
frac	1033	125	1162	146
-	917	134	969	155
3	694	147	759	229
2	1063	159	1131	237
SKMBT_36317040717341_eq33.png	12	
sqrt	878	21	1019	124
3	950	46	998	116
+	238	57	347	231
pi	529	59	635	130
frac	766	147	829	160
frac	879	155	1082	175
frac	525	159	659	173
n	416	165	491	211
a	345	166	415	231
6	569	175	622	259
3	922	187	1004	275
-	771	189	829	205
SKMBT_36317040717341_eq34.png	14	
1	1242	21	1266	151
2	411	22	463	78
2	934	23	987	92
A	1003	23	1083	151
A	498	34	549	152
n	325	52	348	74
s	218	63	306	162
+	610	71	656	137
c	714	71	793	152
a	794	71	908	152
-	1146	71	1221	96
1	329	79	341	148
n	349	86	407	145
-	1143	103	1211	119
SKMBT_36317040717341_eq35.png	15	
A	994	21	1053	135
m	875	36	899	57
f	229	40	321	225
s	783	55	860	120
A	485	57	562	207
n	901	71	949	133
1	877	73	893	127
-	609	128	676	143
a	311	138	369	228
n	369	144	433	220
frac	753	152	1122	178
-	607	166	669	184
a	766	193	902	300
A	995	198	1048	303
s	896	220	955	296
SKMBT_36317040717341_eq4.png	3	
x	537	21	621	97
frac	499	122	668	157
y	527	167	601	266
SKMBT_36317040717341_eq5.png	2	
1	514	21	641	123
2	533	153	602	221
SKMBT_36317040717341_eq6.png	11	
sqrt	341	21	577	225
sqrt	781	43	923	137
a	461	74	524	133
a	847	77	900	137
-	651	137	695	153
frac	457	143	543	160
frac	754	151	990	181
b	462	167	525	238
-	653	171	695	190
sqrt	776	198	920	258
2	848	214	897	258
SKMBT_36317040717341_eq7.png	18	
(	199	21	243	195
)	591	42	642	157
(	1430	53	1477	191
b	511	61	574	133
b	1501	64	1548	165
a	1131	68	1228	144
c	813	74	887	137
-	992	84	1031	96
+	1295	85	1356	134
+	697	87	752	147
+	412	88	459	136
a	267	90	327	148
+	1584	98	1616	150
-	995	118	1030	128
=	198	185	218	195
=	266	185	287	195
=	284	185	297	191
m	304	185	327	195
SKMBT_36317040717341_eq8.png	12	
(	393	21	442	198
(	1161	36	1203	188
)	591	54	651	186
)	1358	56	1424	203
b	522	58	587	155
b	1228	65	1280	165
a	1072	86	1146	156
2	693	90	765	154
a	458	102	517	170
-	861	104	918	118
c	1296	110	1355	161
-	873	144	913	160
SKMBT_36317040717341_eq9.png	13	
(	586	21	636	180
)	890	39	949	180
b	1240	54	1306	148
b	634	55	698	152
-	1024	82	1077	98
+	1358	82	1410	143
a	480	87	565	158
c	836	87	894	156
a	1178	90	1247	155
a	1462	90	1524	154
c	1538	90	1608	153
+	737	100	773	157
-	1032	124	1084	136
SKMBT_36317040717350_eq1.png	2	
2	858	21	895	64
x	764	47	845	150
SKMBT_36317040717350_eq2.png	2	
sqrt	685	20	859	161
x	739	65	831	168
SKMBT_36317040717351_eq1.png	2	
2	813	21	873	90
x	707	65	801	177
SKMBT_36317040717351_eq10.png	10	
(	245	21	294	163
n	455	27	488	83
)	407	29	441	177
m	351	46	402	81
n	753	61	795	96
a	284	64	345	133
m	691	65	749	106
a	617	93	707	157
frac	534	97	575	103
-	540	117	569	124
SKMBT_36317040717351_eq11.png	10	
)	413	21	446	149
b	365	22	408	126
n	455	26	496	72
b	709	33	826	134
n	826	33	873	87
(	269	38	305	156
a	298	76	355	136
a	627	87	703	152
-	539	94	568	103
-	534	118	570	128
SKMBT_36317040717351_eq12.png	15	
2	474	21	593	138
b	1131	21	1195	133
b	422	23	464	104
1	234	30	271	117
)	714	30	753	144
2	1195	30	1296	85
2	1010	34	1051	85
b	650	37	714	123
a	266	53	314	109
-	778	60	877	85
a	935	69	1008	122
+	352	72	401	104
-	1060	82	1128	102
=	593	85	634	101
-	788	100	862	117
SKMBT_36317040717351_eq13.png	12	
m	347	21	419	79
n	643	30	679	91
m	885	33	960	97
+	966	39	1042	93
a	553	44	630	137
a	257	45	334	141
m	487	49	498	59
a	803	54	867	166
frac	448	85	513	93
frac	721	95	771	103
b	481	108	491	121
-	732	113	767	121
SKMBT_36317040717351_eq14.png	9	
b	692	21	714	108
p	473	35	522	129
a	339	65	416	170
-	425	76	463	83
frac	645	115	761	132
=	540	116	587	133
p	714	132	761	191
-	551	147	580	155
a	650	164	717	234
SKMBT_36317040717351_eq15.png	12	
a	220	21	274	75
c	407	42	461	117
k	632	45	731	117
n	314	93	365	140
frac	210	97	279	108
-	527	111	555	120
-	392	133	460	152
=	533	133	562	149
frac	609	133	713	155
b	213	142	266	220
d	394	158	458	246
cos	570	160	715	246
SKMBT_36317040717351_eq16.png	25	
a	178	21	237	89
d	818	33	877	152
d	1044	37	1100	151
c	429	39	495	107
a	655	65	715	129
a	990	83	1045	153
m	344	87	359	102
frac	159	110	263	125
frac	303	117	381	127
-	559	127	598	135
frac	419	136	497	150
b	177	137	223	229
a	347	141	355	153
x	740	145	781	181
-	925	150	960	159
d	419	155	476	249
-	563	155	587	163
frac	635	157	707	166
frac	805	166	872	178
frac	997	167	1084	179
b	645	179	699	267
-	921	179	960	189
b	991	199	1043	281
c	810	219	861	259
c	1046	231	1099	281
SKMBT_36317040717351_eq17.png	13	
n	409	21	460	80
n	816	24	865	70
a	718	42	802	115
)	309	50	376	254
(	68	52	138	254
a	206	79	255	125
=	538	97	587	134
frac	169	136	321	163
frac	673	140	904	174
b	245	162	297	230
n	825	166	876	216
x	778	174	794	190
b	731	184	803	274
SKMBT_36317040717351_eq18.png	7	
b	557	21	641	133
0	793	30	877	132
a	165	48	249	134
x	282	53	381	135
+	420	66	481	128
-	693	72	737	80
frac	692	89	744	99
SKMBT_36317040717351_eq19.png	11	
2	319	21	380	76
b	557	34	637	162
0	1192	57	1291	152
a	98	64	177	151
sqrt	403	64	506	127
c	939	66	1010	149
x	211	69	289	154
+	801	78	881	143
x	675	79	764	158
frac	1083	86	1137	92
frac	1072	107	1144	116
SKMBT_36317040717351_eq2.png	2	
sqrt	609	21	793	190
x	676	63	764	182
SKMBT_36317040717351_eq20.png	7	
4	784	21	877	176
2	547	37	609	89
delta	111	69	219	180
b	457	69	531	158
c	1004	77	1086	159
a	897	99	965	160
frac	670	107	734	115
SKMBT_36317040717351_eq21.png	15	
sqrt	1003	21	1513	187
4	1285	51	1366	169
b	666	55	755	168
2	1152	55	1193	104
b	1080	66	1147	172
pm	800	68	897	155
c	1451	88	1508	155
a	1368	97	1435	157
-	586	119	651	136
frac	1221	119	1270	126
x	211	149	313	250
-	387	168	441	184
frac	373	195	431	207
frac	570	216	1564	264
=	867	249	1074	354
SKMBT_36317040717351_eq22.png	15	
1	496	21	639	117
frac	144	36	258	49
=	135	48	159	59
(	681	55	742	203
a	906	56	921	72
x	1554	69	1637	157
x	147	77	233	189
x	1038	87	1111	182
+	1175	99	1246	165
+	1454	102	1512	167
x	761	106	841	189
+	928	109	1008	175
2	1107	139	1174	194
n	533	148	604	215
1	872	156	882	216
SKMBT_36317040717351_eq23.png	23	
x	570	20	586	36
pi	602	20	735	180
-	810	20	858	36
x	874	20	890	36
-	1178	20	1191	24
x	1227	20	1243	36
x	1275	20	1291	36
=	1002	22	1019	36
m	1178	30	1191	36
f	1062	48	1166	204
+	1508	70	1579	133
x	905	72	984	161
x	460	73	547	179
+	794	92	864	159
+	1263	97	1317	164
2	992	121	1054	173
frac	90	122	218	135
(	595	135	607	179
1	714	142	730	199
x	77	155	173	225
2	1172	155	1232	205
frac	258	189	302	196
frac	259	207	321	217
SKMBT_36317040717351_eq24.png	12	
frac	346	20	926	73
f	634	56	891	301
y	282	74	378	285
a	531	83	588	145
+	350	94	363	104
x	425	109	517	216
+	624	117	693	184
-	362	248	411	264
m	456	248	474	264
m	505	248	538	264
=	586	248	618	264
x	858	248	874	264
SKMBT_36317040717351_eq25.png	10	
2	955	21	1016	76
)	861	45	907	179
k	1230	47	1314	148
(	457	50	529	178
h	763	61	833	168
y	31	79	91	199
+	1102	81	1190	140
x	543	83	621	166
a	317	87	388	153
frac	676	111	743	120
SKMBT_36317040717351_eq26.png	17	
)	1490	21	1544	158
)	941	26	973	148
(	1010	27	1067	145
(	444	33	534	164
x	1318	42	1407	139
x	1092	48	1172	140
x	763	61	837	144
-	1211	77	1250	85
x	543	79	614	159
4	56	80	129	198
a	319	84	380	144
-	215	103	265	112
frac	649	103	703	112
2	1413	103	1464	156
1	865	121	902	178
-	223	124	262	134
x	506	153	522	169
SKMBT_36317040717351_eq27.png	7	
2	897	21	964	61
m	405	27	547	157
b	820	33	888	137
c	570	60	648	140
frac	685	91	758	103
1	130	136	139	157
a	74	142	82	157
SKMBT_36317040717351_eq28.png	6	
0	829	21	956	157
0	498	29	613	149
s	243	66	326	140
1	351	69	367	133
n	389	71	449	128
=	693	72	746	107
SKMBT_36317040717351_eq29.png	14	
sqrt	745	21	931	128
2	808	57	891	122
pi	392	73	484	141
x	730	122	746	138
n	258	133	265	147
frac	614	137	653	143
n	294	138	351	205
s	163	144	239	216
frac	376	144	519	162
1	263	153	275	213
frac	612	154	667	170
frac	694	157	945	175
4	400	168	464	261
2	785	194	883	270
SKMBT_36317040717351_eq3.png	3	
sqrt	552	21	745	219
3	551	65	602	121
x	633	87	714	208
SKMBT_36317040717351_eq30.png	5	
1	745	21	867	152
0	425	32	545	145
s	311	75	377	152
c	176	77	243	166
o	257	101	308	151
SKMBT_36317040717351_eq31.png	13	
sqrt	723	21	898	154
3	797	58	874	155
-	393	82	420	87
1	443	83	451	146
1	415	84	432	141
c	118	122	174	203
=	202	122	333	202
=	570	138	610	154
frac	392	147	518	164
frac	723	166	921	186
frac	565	167	606	177
6	422	179	491	263
2	762	201	878	285
SKMBT_36317040717351_eq32.png	11	
1	731	21	866	112
pi	369	31	439	93
1	405	40	417	95
c	103	78	170	153
s	257	81	323	142
o	180	97	226	149
-	615	103	658	112
frac	360	105	520	127
frac	609	120	655	130
3	403	134	474	225
2	780	136	872	213
SKMBT_36317040717351_eq33.png	12	
sqrt	794	20	940	136
3	846	52	908	138
pi	427	80	498	149
t	131	92	218	206
a	227	132	287	206
n	314	132	378	199
-	682	132	731	148
frac	777	148	985	164
frac	413	158	570	168
m	673	164	731	196
3	844	178	918	248
6	445	180	515	260
SKMBT_36317040717351_eq34.png	11	
1	1194	21	1304	133
2	850	32	901	80
2	320	36	378	96
A	906	43	992	141
A	362	47	452	149
s	107	55	196	153
pi	666	64	768	131
+	546	67	609	125
s	779	71	830	136
1	210	85	219	147
n	247	85	301	153
SKMBT_36317040717351_eq35.png	10	
A	886	21	975	115
s	649	50	719	118
n	785	58	850	120
1	754	60	763	116
A	378	81	447	165
+	109	88	181	165
frac	535	116	575	124
m	182	126	250	165
m	266	127	335	165
frac	537	137	588	145
SKMBT_36317040717351_eq4.png	3	
x	563	21	666	129
frac	546	153	679	177
y	554	195	661	361
SKMBT_36317040717351_eq5.png	3	
1	589	21	603	138
frac	545	119	671	199
2	583	193	660	293
SKMBT_36317040717351_eq6.png	11	
sqrt	351	20	554	318
sqrt	727	39	877	184
a	426	94	487	168
a	780	106	839	172
-	616	174	648	186
frac	435	193	494	203
-	617	206	653	215
frac	715	218	846	231
b	439	220	493	320
sqrt	707	237	851	353
b	756	274	813	352
SKMBT_36317040717351_eq7.png	22	
)	409	21	447	180
b	332	38	387	167
)	1179	39	1210	241
(	946	45	986	181
(	164	49	199	176
b	984	53	1037	167
c	561	86	617	160
a	203	87	256	159
+	277	95	331	153
+	481	95	519	147
-	672	99	717	112
a	755	99	833	171
+	1048	102	1088	164
c	1116	102	1176	164
+	855	107	891	163
frac	664	134	725	145
frac	186	238	266	241
frac	330	238	378	241
frac	410	238	442	241
frac	458	238	532	241
frac	534	238	644	241
frac	802	238	874	241
SKMBT_36317040717351_eq8.png	12	
b	375	21	421	161
(	266	22	315	164
(	793	25	837	157
)	964	27	998	194
)	441	35	469	171
b	843	43	890	153
a	305	73	363	153
a	696	83	759	161
c	493	96	536	163
c	906	97	959	163
-	591	105	629	114
-	593	127	631	137
SKMBT_36317040717351_eq9.png	13	
)	609	21	644	198
(	340	24	382	150
b	387	27	431	144
b	775	41	836	156
a	233	55	312	148
c	996	79	1066	150
+	863	83	901	127
a	911	83	975	160
c	527	84	571	152
a	703	84	764	160
+	451	88	490	139
=	666	98	687	106
-	663	120	688	128
SKMBT_36317040717360_eq1.png	2	
2	781	21	829	87
x	674	65	763	143
SKMBT_36317040717360_eq10.png	10	
)	474	21	522	167
n	531	24	586	74
n	877	24	935	77
m	793	25	860	71
(	239	30	287	179
m	377	42	474	91
a	706	78	787	147
a	282	84	367	159
-	629	84	671	96
-	633	105	676	116
SKMBT_36317040717360_eq11.png	12	
m	666	20	682	35
m	810	20	874	76
b	874	20	939	148
n	538	27	602	99
n	950	29	1002	83
(	263	34	314	172
b	394	36	474	148
)	483	39	538	171
a	714	67	812	148
-	642	86	693	98
a	323	92	392	154
-	651	113	689	123
SKMBT_36317040717360_eq12.png	17	
b	1129	21	1181	133
)	705	28	750	155
b	637	29	692	139
(	40	31	87	167
b	295	31	355	149
(	434	31	478	154
)	372	34	409	152
2	966	34	1019	88
2	1184	36	1239	89
+	190	67	248	123
a	891	72	960	133
-	799	74	845	85
a	489	79	552	135
a	85	85	151	147
-	569	87	619	99
-	1044	92	1100	104
-	807	97	853	108
SKMBT_36317040717360_eq13.png	13	
n	1056	21	1102	77
m	613	31	670	87
m	285	34	363	88
m	896	41	974	85
frac	997	43	1046	52
p	445	57	458	71
a	190	75	275	153
-	709	75	765	90
a	795	76	874	153
a	531	86	596	144
frac	404	96	491	117
-	711	106	759	116
p	440	127	455	145
SKMBT_36317040717360_eq14.png	9	
1	647	21	658	97
p	387	57	440	153
-	331	87	378	104
frac	592	105	750	127
-	473	114	517	135
a	239	119	315	201
-	485	141	517	156
p	675	142	710	199
n	605	177	662	219
SKMBT_36317040717360_eq15.png	11	
c	938	20	1003	96
a	287	24	343	94
c	597	24	671	96
a	855	32	924	96
x	451	85	517	155
-	755	107	797	119
frac	241	111	423	133
sqrt	571	123	721	257
=	760	128	798	146
=	836	128	1084	267
b	285	151	341	246
SKMBT_36317040717360_eq16.png	28	
frac	810	20	842	25
frac	1084	20	1117	25
frac	1147	20	1211	25
-	1275	20	1295	25
-	1298	20	1323	25
frac	1412	20	1441	25
frac	1226	21	1259	25
d	1453	21	1524	145
2	1094	41	1227	217
c	633	53	707	137
a	239	54	310	131
a	839	73	989	185
a	1356	85	1435	153
=	489	131	507	143
frac	191	145	383	167
pi	1016	145	1076	217
m	746	153	810	201
frac	614	168	730	185
frac	429	169	554	192
=	1259	169	1323	217
frac	1337	177	1526	201
b	234	199	289	312
b	874	200	938	313
d	614	203	682	313
p	471	210	495	240
b	1353	226	1416	353
c	1083	241	1163	322
c	1428	284	1487	357
SKMBT_36317040717360_eq17.png	12	
n	794	21	844	99
p	409	47	522	249
a	707	55	794	128
(	212	59	276	259
a	286	67	362	135
frac	568	131	650	151
frac	270	143	421	166
frac	699	143	854	162
-	586	163	635	179
b	314	185	376	291
n	775	187	823	236
b	703	193	753	300
SKMBT_36317040717360_eq18.png	7	
b	544	21	604	171
0	755	47	841	181
+	439	91	503	155
a	240	93	339	189
x	336	93	411	173
-	645	105	698	118
-	660	125	705	138
SKMBT_36317040717360_eq19.png	12	
b	597	21	655	165
0	1032	26	1130	149
2	375	36	435	101
+	769	68	825	133
c	842	68	909	149
1	900	69	905	85
-	949	69	1003	88
a	193	85	283	184
+	474	85	539	159
x	666	90	731	165
x	292	97	364	171
-	950	101	1004	117
SKMBT_36317040717360_eq2.png	2	
sqrt	630	21	845	181
x	719	83	796	172
SKMBT_36317040717360_eq20.png	8	
2	538	20	602	85
b	471	36	538	171
a	711	47	874	164
delta	239	58	335	179
c	883	93	939	165
-	377	99	436	111
-	618	113	675	132
-	392	121	443	135
SKMBT_36317040717360_eq21.png	14	
sqrt	698	20	1178	169
b	515	24	571	137
+	602	40	682	105
b	794	57	844	169
4	986	57	1053	153
-	424	89	490	105
m	1063	89	1178	169
=	906	105	971	137
-	602	121	682	138
x	161	127	250	226
=	314	134	395	171
frac	954	182	1184	200
frac	447	186	954	201
frac	710	220	774	246
SKMBT_36317040717360_eq22.png	23	
1	585	21	596	96
(	709	54	778	219
-	206	86	315	123
m	586	95	598	108
x	1018	106	1099	181
frac	511	107	699	155
+	1170	108	1221	173
+	1429	108	1497	187
x	1503	109	1586	181
x	785	120	874	197
+	935	120	999	176
mul	195	123	282	238
-	373	133	434	150
n	1580	162	1638	217
-	390	163	439	177
2	1084	166	1147	235
m	1307	167	1331	187
p	1362	169	1374	182
1	854	171	874	250
=	1562	171	1579	179
m	1260	173	1278	187
n	563	174	635	250
-	1562	179	1579	187
SKMBT_36317040717360_eq23.png	25	
-	842	20	858	24
-	874	20	890	24
-	987	20	1003	24
frac	1259	20	1291	24
p	1611	20	1689	152
+	570	21	673	152
k	968	40	1083	203
x	460	56	538	152
+	744	56	810	142
a	1483	56	1611	184
+	1371	71	1451	141
n	826	72	954	200
+	1131	85	1195	148
-	168	95	257	120
1	1666	104	1689	184
1	538	118	570	178
1	650	120	667	190
x	142	135	226	223
a	1224	136	1243	168
=	762	144	779	152
m	1307	145	1326	168
m	1259	147	1291	168
-	298	151	363	168
-	319	176	362	188
frac	461	209	542	222
SKMBT_36317040717360_eq24.png	18	
frac	416	20	617	29
frac	652	20	715	29
frac	732	20	837	29
-	836	20	875	29
-	876	20	911	29
m	914	20	921	29
frac	922	20	987	29
m	1019	20	1027	29
-	1028	20	1051	29
frac	1066	20	1148	29
-	618	21	651	29
sqrt	417	61	1148	264
2	931	118	988	176
2	631	119	698	189
x	533	154	608	240
+	730	157	796	216
y	858	166	925	284
b	856	254	874	284
SKMBT_36317040717360_eq25.png	12	
(	551	21	602	175
b	761	21	813	147
2	882	26	943	91
)	826	27	891	172
k	1066	27	1134	171
+	979	67	1039	139
a	455	70	538	155
y	285	71	352	218
-	385	75	442	93
x	609	84	682	155
-	692	91	751	123
=	403	103	438	123
SKMBT_36317040717360_eq26.png	13	
x	971	21	1115	171
)	1349	22	1404	142
(	586	23	652	183
x	1235	67	1301	127
x	835	68	906	151
y	254	81	330	226
a	474	81	557	160
x	666	82	730	151
-	1142	84	1204	103
=	362	86	413	122
-	762	97	824	119
2	1291	112	1341	184
1	929	126	943	180
SKMBT_36317040717360_eq27.png	12	
b	807	21	861	136
2	884	26	959	77
4	469	35	547	135
a	557	76	625	137
c	640	77	690	138
-	715	79	783	96
y	238	134	307	293
-	344	148	392	161
frac	489	160	951	175
-	355	167	388	180
4	551	203	650	298
a	645	254	713	319
SKMBT_36317040717360_eq28.png	6	
o	743	21	832	138
o	500	25	588	141
p	385	31	399	43
a	314	53	378	143
m	378	58	460	150
=	634	65	714	106
SKMBT_36317040717360_eq29.png	13	
sqrt	826	20	992	126
pi	549	30	652	124
2	890	60	954	142
m	398	89	413	101
=	730	123	795	162
s	318	125	378	222
frac	534	135	685	161
n	419	141	474	206
1	394	142	410	206
frac	829	169	992	190
4	577	185	651	273
2	863	205	930	291
n	558	206	567	222
SKMBT_36317040717360_eq3.png	3	
sqrt	585	21	826	172
3	590	24	641	96
x	695	75	767	154
SKMBT_36317040717360_eq30.png	7	
1	842	20	860	152
o	570	34	666	146
cos	325	50	524	150
d	380	66	393	82
=	709	66	794	114
c	794	66	811	82
m	802	70	811	76
SKMBT_36317040717360_eq31.png	9	
sqrt	796	21	976	143
1	485	63	635	194
s	868	71	926	140
s	858	79	867	95
cos	259	143	427	240
=	675	159	738	207
frac	783	175	976	196
b	506	223	559	309
2	834	225	913	314
SKMBT_36317040717360_eq32.png	6	
2	810	21	967	158
x	493	30	657	175
cos	265	110	442	211
=	715	151	763	187
2	847	187	911	277
3	545	193	602	285
SKMBT_36317040717360_eq33.png	10	
sqrt	715	21	902	137
pi	399	51	515	124
3	799	64	858	144
tan	135	77	362	223
frac	393	155	553	169
-	603	156	655	166
frac	715	157	957	182
-	610	179	659	193
b	435	194	487	281
3	797	207	859	285
SKMBT_36317040717360_eq34.png	11	
A	442	21	527	134
1	1179	22	1204	154
A	937	24	1035	151
2	362	32	442	86
2	830	32	891	88
m	260	53	282	70
+	573	55	626	110
cos	650	66	829	150
m	180	67	347	154
-	1063	73	1121	89
-	1082	97	1141	109
SKMBT_36317040717360_eq35.png	10	
A	922	21	1019	135
=	826	39	858	55
s	754	68	810	135
m	826	76	906	120
A	442	86	543	231
tan	181	94	410	238
frac	767	135	1134	170
-	602	152	647	166
-	605	176	658	190
-	771	176	1019	279
SKMBT_36317040717360_eq4.png	3	
x	695	21	766	94
frac	650	104	816	136
y	701	161	749	268
SKMBT_36317040717360_eq5.png	3	
1	682	20	714	116
frac	620	129	790	141
2	660	167	728	256
SKMBT_36317040717360_eq6.png	11	
sqrt	647	21	814	136
sqrt	295	29	467	285
a	721	63	781	121
a	378	68	435	125
-	517	139	564	157
frac	653	143	855	169
frac	362	151	477	171
-	529	159	575	171
sqrt	679	177	834	304
b	389	183	436	288
b	745	213	790	316
SKMBT_36317040717360_eq7.png	16	
b	1191	21	1241	151
(	1134	29	1178	162
)	1412	30	1463	164
b	482	31	530	148
(	261	36	309	173
)	541	39	583	156
c	1342	59	1411	138
+	1035	61	1096	130
+	1268	63	1320	123
n	922	65	1019	146
2	698	66	781	149
+	406	67	461	119
+	619	72	673	139
=	817	80	874	114
a	321	85	386	140
pi	846	162	859	173
SKMBT_36317040717360_eq8.png	12	
(	221	20	266	164
(	842	20	897	166
b	906	21	971	148
b	375	25	426	148
)	435	28	490	153
)	1046	36	1092	166
c	506	68	575	148
-	634	68	700	84
a	745	78	827	148
a	282	80	356	148
2	987	84	1052	148
-	649	96	701	116
SKMBT_36317040717360_eq9.png	13	
b	851	21	904	148
(	316	22	363	174
)	582	31	633	163
b	366	33	425	155
c	1093	62	1158	140
+	939	63	994	118
c	509	64	583	140
+	446	69	498	125
a	1010	71	1078	134
a	231	75	297	142
-	663	77	705	90
a	752	77	833	143
-	667	103	717	117
SKMBT_36317040717362_eq1.png	2	
2	875	21	901	53
x	767	56	859	135
SKMBT_36317040717362_eq10.png	8	
n	1157	21	1200	57
n	744	25	772	55
m	1078	31	1135	64
m	631	33	675	69
i	695	37	716	143
(	511	39	538	145
a	995	52	1061	136
a	538	58	602	142
SKMBT_36317040717362_eq11.png	12	
b	1084	21	1129	140
m	762	30	797	68
n	1155	30	1192	71
(	545	41	570	163
b	650	47	685	153
n	1022	53	1059	89
1	707	64	730	160
-	882	71	919	79
a	939	72	1008	149
a	586	86	641	169
-	882	100	916	107
n	1178	137	1192	149
SKMBT_36317040717362_eq12.png	17	
b	483	21	524	151
p	1102	38	1113	47
2	1359	39	1381	68
b	1291	43	1327	172
)	563	47	602	170
(	629	47	666	177
+	738	52	842	159
2	1179	56	1205	84
)	852	62	899	166
+	407	63	460	147
(	309	70	333	159
a	663	75	729	159
a	339	79	405	159
frac	997	92	1035	104
a	1083	94	1155	164
-	1206	111	1272	127
=	1003	124	1045	143
SKMBT_36317040717362_eq13.png	13	
n	1132	21	1184	68
m	1018	32	1079	76
n	701	36	735	68
-	1087	36	1120	47
m	437	44	485	73
a	917	56	982	136
a	607	72	675	150
-	821	74	854	82
a	344	76	417	156
n	533	82	545	98
-	821	99	848	107
frac	503	108	566	117
m	526	132	539	142
SKMBT_36317040717362_eq14.png	8	
2	693	21	713	55
p	1018	26	1051	102
1	677	31	691	107
-	624	38	667	54
a	525	67	593	147
frac	931	109	1081	123
o	1020	133	1046	167
n	957	153	990	167
SKMBT_36317040717362_eq15.png	14	
a	1163	21	1221	87
c	1231	26	1278	81
c	851	27	895	82
a	568	29	619	98
mul	705	82	764	167
frac	825	91	927	101
frac	1026	96	1068	105
frac	1137	97	1302	111
d	1200	105	1269	237
frac	533	111	665	121
d	826	111	906	212
-	1036	115	1069	125
b	1163	123	1196	213
b	597	136	641	201
SKMBT_36317040717362_eq16.png	22	
d	1581	21	1652	129
d	1255	23	1338	145
=	740	69	794	128
a	1520	75	1575	123
a	1040	76	1087	139
+	426	80	561	256
-	1402	129	1434	137
frac	1488	130	1631	143
x	1150	134	1213	211
m	618	137	634	160
frac	931	139	968	147
pi	697	144	816	257
frac	1016	151	1124	169
frac	1237	151	1346	165
-	931	167	971	175
-	1400	167	1435	175
frac	602	169	655	177
c	1276	171	1316	233
b	1049	172	1090	245
b	1510	179	1550	263
a	621	197	631	205
c	1560	201	1606	258
SKMBT_36317040717362_eq17.png	13	
m	1016	21	1051	58
a	938	39	1003	103
a	650	53	687	91
(	422	64	461	247
a	487	71	522	126
)	595	93	630	254
-	783	113	825	123
frac	914	121	1078	133
-	789	135	837	143
frac	463	137	563	155
b	954	145	995	257
n	1023	147	1052	184
b	498	166	545	256
SKMBT_36317040717362_eq18.png	7	
b	726	21	762	141
o	877	50	933	105
a	485	56	553	144
+	650	56	707	137
x	565	64	627	148
-	799	66	834	76
-	799	91	834	100
SKMBT_36317040717362_eq19.png	11	
b	690	21	726	135
2	574	31	609	58
0	1086	39	1129	95
+	822	51	882	139
-	1007	51	1054	61
c	921	57	967	116
a	427	58	490	148
+	619	61	673	140
x	751	69	799	132
x	503	73	563	127
-	1016	75	1053	83
SKMBT_36317040717362_eq2.png	2	
sqrt	720	21	836	148
x	787	75	848	140
SKMBT_36317040717362_eq20.png	8	
b	685	21	719	155
2	739	30	771	60
m	868	37	974	122
delta	458	62	525	162
-	600	68	642	76
c	987	68	1039	123
-	776	78	835	101
-	607	96	641	106
SKMBT_36317040717362_eq21.png	11	
frac	1083	21	1324	36
d	1020	28	1071	147
2	1146	49	1170	69
b	816	57	853	163
b	1103	67	1137	146
a	1206	67	1278	140
+	906	76	953	135
c	1278	79	1316	127
-	1165	97	1196	107
frac	741	115	809	130
frac	895	156	963	165
SKMBT_36317040717362_eq22.png	22	
1	584	21	597	85
-	892	34	907	40
)	1463	41	1498	176
-	890	42	907	50
x	1352	63	1409	140
(	683	67	718	195
+	1261	68	1327	148
+	1014	79	1081	169
x	907	81	964	181
frac	337	97	397	111
x	736	98	783	174
+	843	103	897	172
frac	543	105	619	119
-	454	109	493	119
n	1406	112	1439	149
=	1130	119	1146	127
x	342	124	392	182
-	457	135	487	149
2	974	136	1006	175
n	545	141	596	195
1	800	146	811	193
x	506	162	522	178
SKMBT_36317040717362_eq23.png	17	
f	868	21	937	168
f	1426	26	1483	156
x	1304	56	1376	138
f	605	58	655	194
+	997	63	1066	142
x	797	78	845	148
+	725	79	770	160
k	1483	86	1526	143
x	533	88	589	161
+	1371	94	1412	145
2	939	117	968	152
2	841	121	870	158
1	671	124	681	170
1	595	134	604	172
-	309	171	383	187
-	419	185	453	195
=	358	195	386	214
SKMBT_36317040717362_eq24.png	9	
frac	634	21	991	68
2	921	63	966	101
i	606	76	664	213
2	789	95	823	125
y	882	96	917	233
+	812	107	867	176
x	731	122	777	185
frac	618	230	666	233
frac	762	230	794	233
SKMBT_36317040717362_eq25.png	13	
2	1032	21	1062	58
1	1170	39	1186	160
h	908	53	943	149
)	988	59	1011	164
y	470	64	518	202
+	1086	69	1168	144
(	724	71	753	144
c	1184	79	1232	137
x	771	85	825	146
a	640	87	698	159
-	563	97	593	106
frac	843	105	899	116
-	561	121	594	129
SKMBT_36317040717362_eq26.png	16	
y	473	20	523	158
)	1453	39	1494	169
(	729	46	762	143
)	1082	46	1116	142
(	1131	46	1163	147
x	1334	46	1392	129
x	924	61	993	147
a	659	62	714	142
=	775	62	826	129
-	575	68	611	76
pi	1185	73	1233	129
-	849	87	899	96
frac	1254	89	1305	97
2	1401	91	1441	124
-	575	93	606	101
1	1019	103	1035	146
SKMBT_36317040717362_eq27.png	12	
2	1112	21	1141	59
b	1034	42	1076	148
4	765	71	829	159
a	827	83	881	149
c	896	93	935	145
-	972	103	1022	113
y	501	137	554	266
-	583	169	619	175
frac	753	177	1123	192
-	593	191	626	199
4	863	231	933	310
a	931	246	1002	303
SKMBT_36317040717362_eq28.png	8	
0	1060	21	1117	92
a	733	35	743	47
0	836	39	894	116
-	954	46	1000	55
s	677	50	711	115
-	967	69	1006	77
n	749	71	788	117
(	727	74	739	115
SKMBT_36317040717362_eq29.png	14	
frac	1080	21	1154	32
d	1039	36	1081	140
2	1101	64	1139	117
1	807	110	817	175
1	778	113	794	169
n	641	142	653	156
-	896	150	931	157
frac	1053	154	1164	168
s	570	156	611	230
-	896	178	929	187
p	631	179	650	228
m	662	179	702	230
pi	735	179	828	271
2	1072	211	1120	251
SKMBT_36317040717362_eq3.png	4	
3	709	21	729	79
frac	750	21	821	33
d	694	37	753	150
x	765	63	829	123
SKMBT_36317040717362_eq30.png	7	
1	1161	21	1176	139
m	714	31	807	139
s	643	49	683	139
-	1056	55	1100	69
a	565	64	643	130
1	714	64	725	88
-	1064	81	1112	91
SKMBT_36317040717362_eq31.png	12	
frac	1117	21	1173	34
d	1093	38	1132	113
3	1134	39	1172	111
frac	766	65	809	73
1	799	83	809	150
(	764	87	777	139
frac	1102	133	1180	144
s	639	145	675	211
a	549	149	626	206
frac	719	166	826	179
2	1130	173	1182	224
b	762	185	795	244
SKMBT_36317040717362_eq32.png	12	
1	1115	20	1160	131
frac	695	100	745	112
1	733	110	745	187
1	703	118	714	173
frac	1098	166	1154	176
-	987	176	1033	195
s	586	182	622	259
frac	659	195	763	203
cos	496	196	571	237
2	1106	208	1160	269
-	994	209	1033	218
2	695	234	735	289
SKMBT_36317040717362_eq33.png	11	
sqrt	907	21	989	121
1	595	39	607	101
(	569	42	583	91
3	962	46	987	117
+	338	102	404	187
frac	551	111	619	123
b	563	124	603	211
frac	887	124	996	137
a	398	126	443	184
n	457	134	498	183
3	925	149	967	222
SKMBT_36317040717362_eq34.png	14	
1	1227	20	1256	171
2	949	29	986	56
2	482	45	517	78
A	980	50	1060	185
A	526	55	583	165
frac	1136	62	1179	70
+	693	69	740	145
+	417	81	428	93
a	829	83	907	147
s	360	85	398	155
s	913	85	950	149
frac	1139	92	1184	101
n	433	105	477	148
1	409	114	421	155
SKMBT_36317040717362_eq35.png	12	
m	968	21	1092	137
n	955	38	963	53
s	887	58	927	123
1	939	79	948	117
A	598	126	661	248
+	444	152	500	230
frac	863	152	1115	166
2	714	160	752	208
a	493	164	537	223
n	543	179	591	216
A	1024	183	1090	297
cos	923	193	1024	248
SKMBT_36317040717362_eq4.png	3	
x	752	21	820	88
frac	694	107	843	122
y	739	129	797	240
SKMBT_36317040717362_eq5.png	3	
1	762	20	794	114
frac	705	125	815	141
2	741	165	799	215
SKMBT_36317040717362_eq6.png	7	
sqrt	865	21	964	117
m	551	39	684	211
a	915	51	952	108
-	767	92	809	101
frac	847	113	994	127
frac	756	129	801	137
a	854	131	964	242
SKMBT_36317040717362_eq7.png	16	
b	486	21	524	135
b	1234	30	1269	142
)	551	36	595	141
(	267	38	296	159
(	1172	48	1206	149
+	1296	55	1354	151
)	1442	55	1480	188
+	1076	64	1145	142
+	630	65	694	148
c	736	70	791	143
a	303	72	360	138
c	1364	72	1415	135
+	405	74	458	160
-	857	76	894	84
a	962	79	1036	157
-	845	106	887	114
SKMBT_36317040717362_eq8.png	13	
b	600	21	635	125
(	501	23	538	139
b	1109	34	1149	141
)	676	36	714	153
(	1048	41	1094	140
)	1254	42	1296	167
c	737	56	787	111
a	535	59	582	112
-	878	68	911	81
c	1172	71	1219	126
a	970	72	1024	127
-	872	93	905	105
2	906	123	915	135
SKMBT_36317040717362_eq9.png	13	
b	1142	21	1184	131
b	621	36	659	149
(	565	40	596	139
+	1268	57	1310	151
frac	985	58	1026	71
a	1071	58	1138	129
)	858	59	883	151
+	685	67	733	147
a	478	68	533	133
c	1390	73	1446	129
a	1316	76	1385	134
c	763	78	808	141
-	988	87	1029	99
SKMBT_36317040717363_eq1.png	2	
2	391	21	427	67
x	308	39	380	141
SKMBT_36317040717363_eq10.png	7	
cos	90	20	282	132
)	282	20	346	170
n	362	20	426	104
m	681	20	762	95
n	773	20	824	90
a	582	52	682	164
=	458	84	539	128
SKMBT_36317040717363_eq11.png	11	
n	615	21	658	83
n	749	35	806	113
b	661	36	729	166
n	298	41	351	115
(	73	43	111	179
b	195	52	250	180
a	525	52	602	161
)	250	66	298	186
a	115	78	187	163
2	441	88	522	142
m	798	128	806	140
SKMBT_36317040717363_eq12.png	13	
a	394	21	522	150
(	44	22	91	150
m	177	22	362	174
b	634	22	746	174
2	949	38	987	102
b	1098	38	1149	166
2	1147	38	1179	102
a	842	54	939	150
a	90	63	169	150
=	762	83	826	134
-	533	86	618	105
x	170	118	186	134
-	971	118	1085	134
SKMBT_36317040717363_eq13.png	12	
2	234	21	400	107
m	986	24	1091	101
m	877	25	966	101
a	128	36	202	127
n	521	36	571	93
x	346	42	362	58
a	751	53	839	147
a	420	60	499	151
frac	655	77	707	88
m	650	90	666	108
frac	648	103	702	118
=	330	138	351	151
SKMBT_36317040717363_eq14.png	8	
1	650	21	698	120
p	346	56	394	137
a	151	103	263	200
-	294	112	332	123
m	285	115	295	123
frac	437	129	483	140
=	561	136	770	231
frac	428	164	513	179
SKMBT_36317040717363_eq15.png	15	
a	122	21	189	85
c	424	36	490	116
a	756	36	837	116
c	868	44	909	101
x	266	84	372	212
frac	56	98	254	132
dots	753	116	980	260
2	393	128	531	257
=	608	130	674	173
b	122	132	209	244
b	792	172	859	263
=	1	228	27	244
n	761	244	771	260
m	772	244	790	256
m	922	244	940	260
SKMBT_36317040717363_eq16.png	45	
c	100	21	155	99
c	1503	29	1580	116
d	1067	40	1168	161
c	488	47	549	139
a	806	57	873	144
c	1463	62	1527	142
n	1538	62	1547	78
a	1355	78	1461	158
m	337	97	351	107
frac	62	125	228	153
x	964	126	1035	231
=	1256	138	1313	194
frac	301	142	397	159
frac	675	152	737	168
frac	1384	157	1602	176
pi	463	163	619	285
frac	1051	169	1195	192
b	106	172	174	265
frac	779	177	925	197
=	679	190	743	212
b	835	196	896	285
m	338	203	357	217
c	1108	204	1177	279
+	746	206	763	222
b	1419	208	1476	285
(	1504	214	1548	285
-	64	254	102	265
frac	154	254	228	265
a	394	254	413	270
a	442	254	475	285
-	1539	264	1575	285
m	538	270	554	285
m	602	270	618	285
=	622	270	641	280
-	646	270	699	285
-	724	270	747	278
=	762	270	798	285
=	798	270	826	285
=	928	270	954	285
=	1066	270	1099	285
2	1174	270	1189	285
1	1190	270	1195	285
m	1323	270	1339	285
m	1156	276	1169	285
a	1227	278	1243	285
SKMBT_36317040717363_eq17.png	19	
a	97	21	246	160
a	606	45	702	145
n	725	45	769	100
b	35	63	99	222
n	326	75	381	148
pm	702	107	731	139
)	220	112	298	258
-	401	155	479	189
b	154	179	235	275
frac	579	184	826	270
-	419	195	461	212
b	641	222	705	295
2	218	259	235	275
-	34	267	59	275
frac	56	267	102	275
m	102	267	123	275
m	586	283	602	295
-	714	283	746	295
-	778	283	826	295
SKMBT_36317040717363_eq2.png	2	
sqrt	199	21	349	139
x	254	48	323	155
SKMBT_36317040717363_eq20.png	10	
delta	184	21	282	166
2	543	36	585	94
frac	184	46	515	183
4	682	71	750	183
=	334	87	418	137
2	762	113	957	202
frac	593	136	663	146
-	522	167	618	183
x	650	167	666	183
x	682	167	698	183
SKMBT_36317040717363_eq21.png	8	
frac	473	21	971	179
+	554	38	620	123
-	405	70	474	89
x	138	111	218	179
-	247	141	309	170
m	202	166	218	179
a	983	166	991	179
frac	270	170	309	178
SKMBT_36317040717363_eq22.png	18	
1	451	21	463	85
f	1002	68	1061	212
+	787	71	868	193
frac	105	85	227	99
(	569	87	611	207
+	1241	97	1323	194
x	633	100	714	215
y	858	100	925	226
x	1314	103	1403	226
frac	375	129	527	141
x	106	132	189	252
)	1494	135	1540	287
=	273	144	344	190
-	1178	147	1197	159
1	713	164	737	228
2	917	167	961	218
n	423	180	496	267
n	1430	183	1483	266
SKMBT_36317040717363_eq23.png	22	
f	526	21	626	193
x	397	28	488	142
f	955	48	1052	222
+	682	57	861	186
div	1507	65	1613	237
+	1138	71	1195	164
x	1355	96	1438	205
frac	31	107	165	128
1	493	113	507	150
-	1277	131	1300	141
-	1248	132	1272	139
-	1306	137	1321	143
2	1040	139	1084	189
p	616	141	634	175
2	883	141	929	185
x	51	142	141	263
k	1451	164	1508	237
k	1595	166	1662	243
frac	243	176	301	187
x	330	205	346	221
frac	245	215	329	229
frac	401	242	573	263
SKMBT_36317040717363_eq24.png	9	
sqrt	273	20	634	154
2	659	45	705	99
+	485	51	574	177
b	378	74	451	195
2	586	74	682	242
-	522	178	570	195
=	282	179	314	195
x	474	179	490	195
y	698	181	705	195
SKMBT_36317040717363_eq25.png	13	
y	71	20	170	213
2	745	59	780	131
1	851	64	874	267
frac	282	66	715	225
div	756	97	850	232
frac	194	109	275	137
2	206	129	276	167
frac	544	137	631	146
c	865	148	939	217
=	159	177	205	193
=	234	177	266	193
m	762	192	778	209
x	730	193	746	209
SKMBT_36317040717363_eq26.png	13	
y	71	20	170	213
2	745	59	780	131
1	851	64	874	267
frac	282	66	715	225
div	756	97	850	232
frac	194	109	275	137
2	206	129	276	167
frac	544	137	631	146
c	865	148	939	217
=	159	177	205	193
=	234	177	266	193
m	762	192	778	209
x	730	193	746	209
SKMBT_36317040717363_eq27.png	6	
a	408	20	509	134
4	650	21	727	134
c	531	61	569	117
-	611	81	643	88
a	170	87	221	154
-	247	123	311	154
SKMBT_36317040717363_eq28.png	7	
s	202	21	269	147
a	282	37	300	66
m	298	53	426	147
dots	473	70	663	147
d	266	108	285	147
m	442	133	458	147
m	538	133	555	147
SKMBT_36317040717363_eq29.png	4	
frac	352	21	429	34
frac	698	31	829	54
-	410	46	426	54
-	170	49	186	54
SKMBT_36317040717363_eq3.png	3	
3	189	21	227	103
sqrt	200	43	374	201
x	268	93	346	212
SKMBT_36317040717363_eq30.png	5	
1	650	20	687	139
cos	115	45	299	140
o	314	45	393	141
frac	498	68	579	95
frac	508	102	620	122
SKMBT_36317040717363_eq31.png	7	
sqrt	643	20	803	114
(	378	53	404	138
div	285	59	413	253
frac	505	63	865	207
(	83	100	129	196
a	138	109	266	207
2	688	191	770	267
SKMBT_36317040717363_eq32.png	10	
2	295	21	389	92
1	666	26	683	124
cos	15	69	227	172
m	224	76	235	84
b	218	78	227	92
frac	241	106	389	126
frac	586	124	684	140
=	461	125	540	167
3	288	140	367	233
2	600	161	709	220
SKMBT_36317040717363_eq33.png	11	
frac	425	20	503	54
sqrt	739	21	867	148
+	127	37	269	235
(	448	52	475	117
cos	255	64	532	235
frac	705	83	853	171
m	536	107	570	123
frac	591	121	666	141
m	682	163	699	171
frac	603	168	681	182
3	745	187	823	262
SKMBT_36317040717363_eq34.png	18	
s	143	21	229	174
2	355	37	395	101
+	266	51	298	85
a	394	69	490	213
=	810	69	909	198
+	557	71	665	202
i	1099	72	1123	221
A	890	85	987	225
a	714	110	829	213
2	1035	117	1098	165
a	232	118	347	198
m	142	181	154	197
-	168	181	218	197
m	360	181	378	197
=	506	197	538	213
x	570	197	586	213
m	682	197	699	205
x	1035	197	1051	213
SKMBT_36317040717363_eq35.png	14	
x	695	20	1006	329
m	805	94	826	110
b	229	101	409	267
b	432	127	505	288
=	592	189	650	222
=	771	230	891	302
frac	576	234	667	254
c	745	234	795	306
-	575	318	614	329
-	618	318	667	329
frac	810	318	874	329
=	890	318	922	329
m	987	318	1006	329
-	682	322	715	329
SKMBT_36317040717363_eq4.png	4	
1	182	21	323	131
y	194	140	282	315
1	181	300	187	315
m	298	300	323	315
SKMBT_36317040717363_eq5.png	3	
1	234	20	266	111
frac	170	120	299	141
2	194	170	289	254
SKMBT_36317040717363_eq6.png	11	
sqrt	445	21	589	122
sqrt	46	34	232	223
a	133	55	189	121
a	493	58	558	132
+	319	104	363	152
frac	96	130	230	152
-	319	147	378	171
frac	413	158	609	174
b	138	161	205	253
pi	449	184	587	285
m	319	280	330	285
SKMBT_36317040717363_eq7.png	16	
(	836	20	874	138
+	901	20	1014	154
+	180	27	244	149
+	755	28	820	136
b	245	38	285	145
s	317	38	327	50
)	1064	38	1117	172
+	368	40	425	138
(	39	51	74	158
)	295	51	347	164
a	634	51	701	131
c	1014	51	1064	131
c	439	62	478	136
b	466	65	481	92
a	113	74	186	140
pi	544	74	592	115
SKMBT_36317040717363_eq8.png	24	
(	100	21	131	131
m	127	33	241	135
)	232	50	288	144
b	579	51	618	169
b	629	51	682	169
c	301	63	346	149
)	730	65	800	228
a	474	73	561	153
o	698	85	763	169
-	401	89	449	105
-	399	121	458	137
n	99	217	106	228
=	186	217	209	228
-	234	217	267	228
=	282	217	297	228
-	346	217	379	228
-	410	217	443	228
-	458	217	509	228
=	522	217	555	228
=	602	217	625	228
=	154	219	171	228
a	652	219	665	228
-	202	221	219	228
a	316	221	325	228
SKMBT_36317040717363_eq9.png	11	
b	180	20	234	132
a	37	21	170	133
+	238	23	298	143
b	647	24	702	132
0	312	35	387	168
+	715	38	787	110
a	554	47	628	119
2	809	47	970	132
-	465	63	533	79
-	473	95	527	111
a	746	111	763	127
